10
100
1 35
2 3
3 20
4 0
5 36
6 11
7 60
8 73
9 46
10 48
11 46
12 78
13 1
14 15
15 45
16 36
17 12
18 66
19 65
20 69
21 21
22 42
23 37
24 42
25 46
26 52
27 54
28 7
29 36
30 33
31 45
32 36
33 42
34 14
35 69
36 54
37 20
38 68
39 53
40 0
41 17
42 44
43 43
44 32
45 45
46 29
47 13
48 62
49 1
50 39
51 40
52 17
53 55
54 63
55 59
56 37
57 19
58 35
59 60
60 33
61 52
62 17
63 77
64 10
65 9
66 17
67 59
68 43
69 7
70 38
71 33
72 36
73 9
74 75
75 73
76 54
77 71
78 19
79 34
80 70
81 18
82 4
83 36
84 13
85 77
86 43
87 37
88 69
89 46
90 27
91 2
92 77
93 38
94 74
95 14
96 63
97 77
98 70
99 75
100 50