10
100
1 12
2 38
3 74
4 65
5 30
6 30
7 28
8 45
9 31
10 51
11 52
12 36
13 15
14 62
15 12
16 2
17 54
18 19
19 78
20 72
21 43
22 24
23 41
24 60
25 74
26 66
27 9
28 30
29 5
30 45
31 10
32 44
33 57
34 54
35 41
36 13
37 18
38 27
39 24
40 9
41 75
42 65
43 33
44 41
45 50
46 66
47 35
48 61
49 71
50 42
51 68
52 26
53 28
54 14
55 19
56 49
57 14
58 7
59 10
60 59
61 48
62 36
63 26
64 5
65 55
66 55
67 69
68 58
69 30
70 62
71 31
72 36
73 75
74 74
75 23
76 11
77 48
78 18
79 70
80 1
81 78
82 9
83 51
84 14
85 69
86 36
87 40
88 7
89 25
90 3
91 72
92 53
93 30
94 10
95 0
96 4
97 8
98 4
99 41
100 14