10
100
1 54
2 33
3 2
4 42
5 49
6 2
7 51
8 12
9 28
10 61
11 61
12 12
13 12
14 52
15 41
16 58
17 67
18 32
19 7
20 7
21 29
22 64
23 38
24 39
25 75
26 22
27 77
28 71
29 49
30 65
31 55
32 61
33 65
34 39
35 44
36 78
37 37
38 51
39 5
40 27
41 52
42 29
43 42
44 15
45 32
46 0
47 42
48 18
49 77
50 31
51 63
52 14
53 44
54 73
55 60
56 25
57 58
58 39
59 76
60 29
61 77
62 3
63 8
64 46
65 48
66 51
67 35
68 28
69 23
70 13
71 51
72 55
73 40
74 2
75 26
76 64
77 21
78 68
79 71
80 59
81 31
82 77
83 77
84 30
85 57
86 31
87 2
88 53
89 45
90 46
91 50
92 17
93 77
94 74
95 31
96 53
97 37
98 24
99 58
100 53