10
100
1 28
2 52
3 0
4 70
5 17
6 44
7 39
8 39
9 2
10 57
11 24
12 46
13 55
14 62
15 65
16 73
17 76
18 63
19 71
20 34
21 18
22 12
23 20
24 54
25 22
26 29
27 67
28 31
29 77
30 71
31 11
32 6
33 27
34 62
35 28
36 40
37 47
38 48
39 15
40 24
41 66
42 67
43 62
44 76
45 31
46 13
47 50
48 48
49 6
50 33
51 60
52 67
53 69
54 73
55 61
56 76
57 55
58 14
59 7
60 39
61 56
62 2
63 53
64 20
65 53
66 20
67 67
68 52
69 64
70 78
71 3
72 58
73 43
74 14
75 52
76 51
77 4
78 54
79 19
80 31
81 39
82 13
83 13
84 57
85 17
86 38
87 77
88 19
89 9
90 48
91 16
92 50
93 7
94 69
95 64
96 19
97 30
98 14
99 40
100 6