10
100
1 14
2 41
3 61
4 19
5 19
6 51
7 55
8 2
9 55
10 75
11 48
12 13
13 76
14 67
15 54
16 48
17 4
18 77
19 33
20 34
21 73
22 72
23 39
24 7
25 77
26 53
27 73
28 73
29 59
30 64
31 38
32 77
33 27
34 16
35 11
36 22
37 64
38 2
39 71
40 57
41 2
42 15
43 43
44 16
45 34
46 0
47 8
48 25
49 4
50 14
51 77
52 29
53 45
54 39
55 48
56 34
57 17
58 45
59 23
60 78
61 2
62 23
63 29
64 77
65 1
66 37
67 77
68 56
69 13
70 5
71 47
72 58
73 57
74 30
75 14
76 74
77 19
78 29
79 64
80 34
81 56
82 62
83 6
84 4
85 38
86 16
87 63
88 74
89 78
90 1
91 76
92 16
93 77
94 57
95 48
96 74
97 78
98 33
99 63
100 7