10
100
1 1
2 19
3 6
4 12
5 52
6 49
7 69
8 62
9 45
10 7
11 0
12 16
13 19
14 18
15 52
16 56
17 32
18 41
19 24
20 70
21 26
22 20
23 71
24 69
25 75
26 56
27 18
28 41
29 58
30 15
31 29
32 75
33 24
34 63
35 24
36 23
37 58
38 26
39 6
40 35
41 57
42 32
43 64
44 65
45 50
46 43
47 26
48 17
49 48
50 64
51 38
52 16
53 54
54 50
55 28
56 64
57 16
58 22
59 50
60 71
61 19
62 46
63 14
64 30
65 38
66 73
67 55
68 27
69 0
70 60
71 52
72 48
73 54
74 47
75 34
76 75
77 14
78 76
79 45
80 1
81 9
82 17
83 19
84 32
85 21
86 5
87 42
88 33
89 50
90 75
91 71
92 45
93 9
94 37
95 45
96 37
97 16
98 39
99 21
100 76