10
100
1 50
2 76
3 17
4 15
5 23
6 45
7 23
8 59
9 38
10 47
11 10
12 48
13 8
14 16
15 23
16 23
17 65
18 29
19 77
20 0
21 19
22 7
23 46
24 76
25 10
26 37
27 39
28 63
29 68
30 66
31 1
32 57
33 63
34 76
35 59
36 39
37 61
38 22
39 20
40 50
41 15
42 37
43 28
44 54
45 69
46 30
47 72
48 42
49 76
50 68
51 40
52 44
53 14
54 10
55 18
56 53
57 55
58 55
59 34
60 49
61 78
62 46
63 47
64 75
65 49
66 50
67 11
68 5
69 4
70 76
71 63
72 43
73 66
74 42
75 59
76 60
77 31
78 5
79 36
80 78
81 22
82 51
83 2
84 52
85 15
86 57
87 42
88 35
89 40
90 43
91 38
92 36
93 17
94 10
95 18
96 29
97 51
98 76
99 4
100 0