10
100
1 56
2 10
3 15
4 34
5 8
6 52
7 26
8 30
9 51
10 39
11 62
12 56
13 70
14 13
15 78
16 74
17 33
18 25
19 20
20 54
21 3
22 46
23 59
24 69
25 37
26 37
27 54
28 8
29 31
30 15
31 45
32 38
33 36
34 0
35 31
36 59
37 13
38 7
39 57
40 10
41 66
42 46
43 51
44 52
45 7
46 24
47 18
48 25
49 53
50 45
51 17
52 21
53 30
54 11
55 50
56 7
57 47
58 49
59 75
60 47
61 15
62 1
63 47
64 44
65 44
66 14
67 5
68 30
69 22
70 26
71 14
72 6
73 37
74 60
75 6
76 56
77 68
78 37
79 65
80 22
81 40
82 15
83 24
84 55
85 69
86 13
87 28
88 13
89 36
90 17
91 64
92 59
93 25
94 58
95 35
96 57
97 47
98 61
99 1
100 3