10
100
1 67
2 78
3 45
4 16
5 66
6 32
7 49
8 6
9 20
10 67
11 9
12 55
13 66
14 22
15 38
16 35
17 9
18 26
19 56
20 76
21 67
22 14
23 6
24 68
25 72
26 11
27 53
28 1
29 71
30 59
31 6
32 38
33 20
34 23
35 66
36 5
37 61
38 60
39 41
40 61
41 53
42 15
43 53
44 14
45 31
46 10
47 29
48 30
49 58
50 75
51 70
52 46
53 36
54 20
55 55
56 25
57 4
58 20
59 47
60 63
61 44
62 76
63 62
64 76
65 1
66 15
67 18
68 12
69 41
70 60
71 39
72 68
73 6
74 53
75 38
76 9
77 19
78 57
79 67
80 37
81 33
82 20
83 60
84 73
85 38
86 74
87 53
88 3
89 41
90 63
91 36
92 9
93 32
94 42
95 49
96 7
97 23
98 21
99 27
100 1