10
100
1 15
2 72
3 65
4 44
5 17
6 4
7 23
8 68
9 34
10 9
11 0
12 53
13 30
14 7
15 69
16 61
17 76
18 21
19 16
20 5
21 7
22 23
23 74
24 32
25 40
26 20
27 40
28 53
29 48
30 44
31 72
32 18
33 61
34 18
35 15
36 75
37 42
38 26
39 0
40 23
41 62
42 13
43 18
44 19
45 74
46 47
47 8
48 77
49 50
50 52
51 3
52 32
53 69
54 67
55 18
56 30
57 1
58 33
59 59
60 34
61 31
62 50
63 0
64 60
65 20
66 63
67 47
68 58
69 34
70 9
71 45
72 32
73 1
74 38
75 49
76 57
77 72
78 22
79 69
80 43
81 55
82 23
83 17
84 16
85 76
86 5
87 54
88 51
89 48
90 17
91 18
92 8
93 17
94 71
95 49
96 66
97 6
98 0
99 41
100 70