15
250
1 52
2 53
3 57
4 41
5 20
6 35
7 76
8 69
9 27
10 73
11 57
12 36
13 7
14 14
15 68
16 43
17 2
18 54
19 53
20 33
21 10
22 32
23 53
24 25
25 77
26 4
27 36
28 6
29 7
30 77
31 33
32 53
33 57
34 31
35 43
36 18
37 55
38 24
39 26
40 55
41 34
42 43
43 33
44 44
45 78
46 47
47 66
48 66
49 40
50 4
51 72
52 71
53 65
54 6
55 39
56 12
57 12
58 52
59 66
60 62
61 27
62 52
63 4
64 48
65 58
66 78
67 62
68 67
69 20
70 33
71 64
72 76
73 16
74 11
75 17
76 70
77 60
78 34
79 65
80 34
81 19
82 15
83 46
84 61
85 27
86 33
87 48
88 19
89 46
90 8
91 35
92 67
93 75
94 60
95 63
96 30
97 18
98 56
99 19
100 78
101 75
102 39
103 51
104 69
105 52
106 73
107 75
108 10
109 4
110 0
111 65
112 61
113 65
114 52
115 71
116 74
117 66
118 50
119 70
120 62
121 56
122 26
123 51
124 58
125 36
126 47
127 54
128 38
129 11
130 61
131 33
132 61
133 1
134 44
135 16
136 44
137 15
138 54
139 64
140 52
141 49
142 62
143 37
144 21
145 53
146 41
147 64
148 72
149 17
150 57
151 69
152 78
153 3
154 4
155 37
156 32
157 61
158 77
159 56
160 68
161 50
162 27
163 50
164 28
165 27
166 15
167 27
168 32
169 15
170 0
171 70
172 76
173 49
174 72
175 62
176 53
177 63
178 38
179 39
180 41
181 48
182 25
183 6
184 60
185 1
186 19
187 45
188 62
189 55
190 8
191 66
192 8
193 52
194 77
195 19
196 17
197 30
198 3
199 31
200 36
201 23
202 56
203 46
204 73
205 61
206 7
207 62
208 50
209 72
210 33
211 2
212 76
213 46
214 66
215 69
216 30
217 38
218 43
219 37
220 15
221 39
222 24
223 13
224 45
225 49
226 49
227 23
228 21
229 9
230 5
231 62
232 27
233 58
234 10
235 0
236 34
237 0
238 67
239 48
240 17
241 37
242 53
243 10
244 14
245 32
246 32
247 7
248 38
249 2
250 47