15
250
1 61
2 52
3 15
4 34
5 76
6 22
7 1
8 75
9 72
10 56
11 10
12 59
13 53
14 23
15 59
16 40
17 61
18 63
19 43
20 13
21 70
22 19
23 27
24 10
25 20
26 46
27 43
28 43
29 46
30 9
31 25
32 44
33 19
34 46
35 25
36 74
37 36
38 70
39 46
40 38
41 19
42 42
43 63
44 9
45 7
46 41
47 66
48 62
49 77
50 65
51 69
52 68
53 58
54 21
55 41
56 63
57 13
58 67
59 55
60 24
61 47
62 78
63 51
64 58
65 67
66 6
67 59
68 56
69 46
70 47
71 77
72 72
73 31
74 74
75 1
76 26
77 78
78 39
79 11
80 73
81 36
82 31
83 12
84 28
85 58
86 58
87 21
88 46
89 21
90 24
91 26
92 71
93 69
94 33
95 23
96 74
97 62
98 75
99 25
100 26
101 51
102 38
103 50
104 68
105 20
106 53
107 46
108 31
109 15
110 33
111 8
112 26
113 36
114 31
115 6
116 21
117 56
118 0
119 25
120 8
121 20
122 76
123 44
124 50
125 71
126 45
127 7
128 7
129 36
130 76
131 52
132 58
133 41
134 59
135 73
136 48
137 55
138 8
139 30
140 37
141 19
142 43
143 6
144 32
145 0
146 37
147 2
148 29
149 20
150 19
151 26
152 78
153 11
154 43
155 38
156 20
157 19
158 58
159 13
160 40
161 36
162 65
163 69
164 8
165 63
166 78
167 59
168 52
169 8
170 45
171 58
172 54
173 2
174 76
175 75
176 39
177 37
178 28
179 73
180 64
181 40
182 69
183 20
184 71
185 54
186 48
187 31
188 76
189 1
190 56
191 57
192 7
193 78
194 16
195 40
196 11
197 25
198 29
199 0
200 22
201 71
202 28
203 22
204 16
205 1
206 31
207 65
208 77
209 70
210 37
211 11
212 37
213 56
214 30
215 34
216 32
217 74
218 62
219 8
220 48
221 31
222 10
223 13
224 54
225 63
226 45
227 39
228 63
229 47
230 58
231 8
232 21
233 70
234 40
235 3
236 74
237 15
238 38
239 52
240 53
241 53
242 49
243 42
244 35
245 51
246 74
247 49
248 4
249 38
250 32