15
250
1 57
2 40
3 39
4 33
5 21
6 52
7 75
8 71
9 27
10 19
11 45
12 26
13 64
14 9
15 38
16 41
17 21
18 39
19 32
20 45
21 52
22 68
23 19
24 57
25 72
26 31
27 20
28 5
29 46
30 27
31 18
32 54
33 9
34 27
35 1
36 12
37 53
38 60
39 8
40 37
41 29
42 68
43 59
44 49
45 55
46 7
47 41
48 1
49 58
50 60
51 7
52 1
53 76
54 72
55 68
56 41
57 47
58 30
59 21
60 38
61 6
62 45
63 20
64 65
65 20
66 54
67 53
68 28
69 13
70 1
71 74
72 1
73 71
74 56
75 27
76 63
77 73
78 34
79 0
80 21
81 6
82 10
83 75
84 71
85 3
86 52
87 43
88 76
89 8
90 36
91 49
92 44
93 58
94 65
95 69
96 25
97 16
98 66
99 1
100 52
101 60
102 67
103 7
104 24
105 57
106 58
107 14
108 20
109 12
110 54
111 36
112 14
113 61
114 42
115 66
116 73
117 30
118 43
119 43
120 17
121 68
122 15
123 37
124 17
125 60
126 1
127 3
128 1
129 71
130 47
131 0
132 5
133 43
134 58
135 75
136 58
137 14
138 30
139 36
140 32
141 51
142 32
143 17
144 6
145 71
146 67
147 63
148 22
149 31
150 67
151 31
152 48
153 13
154 38
155 4
156 42
157 49
158 3
159 9
160 67
161 7
162 25
163 49
164 51
165 55
166 67
167 16
168 2
169 37
170 12
171 12
172 57
173 15
174 50
175 44
176 15
177 21
178 30
179 66
180 76
181 34
182 25
183 22
184 75
185 10
186 49
187 3
188 48
189 76
190 20
191 48
192 52
193 19
194 57
195 6
196 52
197 40
198 74
199 58
200 37
201 57
202 20
203 23
204 54
205 74
206 41
207 26
208 15
209 3
210 45
211 38
212 74
213 59
214 12
215 42
216 44
217 46
218 62
219 27
220 51
221 47
222 70
223 77
224 67
225 28
226 32
227 78
228 22
229 64
230 62
231 44
232 29
233 49
234 32
235 38
236 46
237 46
238 48
239 27
240 57
241 19
242 6
243 29
244 45
245 48
246 74
247 29
248 64
249 32
250 66