15
250
1 44
2 66
3 73
4 3
5 35
6 6
7 53
8 16
9 17
10 66
11 17
12 31
13 16
14 40
15 62
16 57
17 42
18 20
19 55
20 55
21 42
22 2
23 33
24 32
25 63
26 15
27 3
28 10
29 40
30 4
31 22
32 66
33 78
34 72
35 39
36 7
37 77
38 36
39 28
40 28
41 47
42 25
43 5
44 11
45 30
46 63
47 50
48 0
49 50
50 31
51 5
52 47
53 59
54 18
55 3
56 41
57 40
58 31
59 40
60 45
61 72
62 22
63 33
64 51
65 60
66 66
67 3
68 25
69 53
70 22
71 24
72 42
73 19
74 33
75 31
76 5
77 32
78 10
79 72
80 11
81 29
82 26
83 31
84 76
85 21
86 72
87 42
88 40
89 7
90 1
91 37
92 31
93 69
94 43
95 29
96 23
97 37
98 4
99 55
100 35
101 20
102 47
103 61
104 27
105 52
106 43
107 63
108 24
109 47
110 17
111 11
112 25
113 16
114 34
115 73
116 34
117 23
118 22
119 4
120 44
121 38
122 63
123 65
124 43
125 8
126 46
127 1
128 37
129 52
130 31
131 16
132 48
133 70
134 48
135 9
136 41
137 46
138 37
139 39
140 33
141 36
142 67
143 3
144 18
145 72
146 60
147 0
148 66
149 52
150 53
151 31
152 8
153 8
154 76
155 75
156 31
157 76
158 64
159 45
160 55
161 70
162 33
163 37
164 67
165 2
166 2
167 65
168 73
169 50
170 49
171 26
172 73
173 41
174 21
175 35
176 40
177 43
178 16
179 25
180 24
181 53
182 35
183 13
184 24
185 4
186 17
187 35
188 23
189 73
190 25
191 12
192 62
193 32
194 30
195 34
196 67
197 77
198 24
199 66
200 52
201 29
202 39
203 8
204 45
205 38
206 52
207 0
208 13
209 44
210 71
211 15
212 22
213 70
214 6
215 3
216 13
217 11
218 8
219 39
220 68
221 40
222 33
223 21
224 65
225 6
226 61
227 52
228 38
229 37
230 60
231 54
232 14
233 48
234 23
235 25
236 23
237 21
238 69
239 27
240 11
241 73
242 37
243 40
244 71
245 77
246 14
247 43
248 0
249 17
250 43