15
250
1 52
2 3
3 18
4 3
5 37
6 25
7 76
8 23
9 41
10 66
11 36
12 29
13 49
14 22
15 45
16 65
17 78
18 41
19 55
20 11
21 62
22 72
23 18
24 48
25 77
26 39
27 39
28 14
29 20
30 20
31 60
32 14
33 32
34 24
35 8
36 20
37 29
38 15
39 22
40 34
41 64
42 45
43 61
44 74
45 10
46 75
47 3
48 29
49 34
50 31
51 56
52 3
53 17
54 15
55 24
56 54
57 37
58 51
59 36
60 69
61 42
62 16
63 69
64 62
65 35
66 60
67 51
68 47
69 7
70 45
71 60
72 71
73 1
74 23
75 32
76 59
77 27
78 24
79 14
80 70
81 20
82 10
83 16
84 46
85 47
86 78
87 43
88 52
89 73
90 37
91 62
92 49
93 63
94 51
95 70
96 1
97 33
98 42
99 5
100 35
101 63
102 46
103 9
104 75
105 41
106 54
107 7
108 72
109 10
110 24
111 15
112 35
113 46
114 71
115 12
116 59
117 27
118 78
119 66
120 64
121 36
122 18
123 74
124 51
125 40
126 32
127 29
128 35
129 62
130 8
131 5
132 6
133 52
134 57
135 46
136 77
137 8
138 54
139 39
140 12
141 65
142 72
143 20
144 43
145 11
146 69
147 19
148 57
149 72
150 49
151 5
152 19
153 71
154 68
155 63
156 76
157 14
158 7
159 4
160 37
161 3
162 36
163 35
164 65
165 48
166 77
167 25
168 25
169 23
170 18
171 37
172 40
173 6
174 19
175 47
176 75
177 68
178 67
179 1
180 39
181 72
182 51
183 68
184 50
185 44
186 42
187 54
188 2
189 43
190 40
191 66
192 39
193 39
194 55
195 56
196 6
197 50
198 41
199 23
200 44
201 43
202 74
203 58
204 25
205 12
206 50
207 70
208 22
209 60
210 22
211 45
212 29
213 64
214 47
215 36
216 28
217 50
218 43
219 13
220 18
221 37
222 38
223 28
224 10
225 20
226 22
227 16
228 76
229 78
230 16
231 5
232 73
233 37
234 76
235 66
236 25
237 11
238 74
239 53
240 55
241 20
242 7
243 19
244 77
245 36
246 22
247 57
248 75
249 68
250 40