15
250
1 24
2 7
3 57
4 50
5 24
6 70
7 42
8 5
9 50
10 62
11 13
12 26
13 47
14 6
15 65
16 23
17 57
18 69
19 4
20 71
21 59
22 31
23 57
24 22
25 0
26 78
27 16
28 20
29 4
30 58
31 29
32 39
33 13
34 73
35 75
36 17
37 57
38 23
39 4
40 53
41 72
42 74
43 1
44 7
45 62
46 63
47 25
48 72
49 49
50 50
51 57
52 64
53 6
54 62
55 22
56 49
57 53
58 12
59 17
60 71
61 50
62 17
63 17
64 4
65 19
66 32
67 74
68 20
69 47
70 75
71 47
72 21
73 60
74 33
75 31
76 6
77 17
78 74
79 48
80 44
81 43
82 22
83 12
84 27
85 41
86 45
87 34
88 2
89 47
90 27
91 8
92 46
93 43
94 49
95 41
96 74
97 58
98 40
99 24
100 31
101 47
102 76
103 6
104 62
105 76
106 67
107 34
108 54
109 26
110 64
111 56
112 74
113 60
114 15
115 51
116 4
117 38
118 77
119 46
120 41
121 23
122 17
123 19
124 31
125 53
126 14
127 46
128 19
129 28
130 56
131 72
132 17
133 49
134 23
135 9
136 21
137 64
138 76
139 36
140 37
141 46
142 31
143 57
144 76
145 22
146 52
147 19
148 56
149 43
150 62
151 68
152 50
153 50
154 66
155 42
156 72
157 55
158 60
159 30
160 22
161 21
162 33
163 76
164 14
165 49
166 11
167 47
168 39
169 35
170 41
171 54
172 60
173 18
174 75
175 65
176 45
177 37
178 52
179 51
180 5
181 59
182 60
183 40
184 7
185 44
186 20
187 12
188 21
189 32
190 74
191 8
192 39
193 5
194 50
195 53
196 33
197 73
198 49
199 49
200 64
201 67
202 12
203 54
204 22
205 16
206 55
207 4
208 58
209 56
210 27
211 66
212 53
213 22
214 58
215 19
216 5
217 68
218 37
219 42
220 1
221 38
222 24
223 70
224 6
225 68
226 3
227 72
228 2
229 41
230 7
231 19
232 2
233 60
234 68
235 48
236 54
237 50
238 32
239 50
240 24
241 52
242 73
243 14
244 18
245 68
246 56
247 21
248 71
249 15
250 66