15
250
1 67
2 67
3 56
4 70
5 34
6 45
7 22
8 33
9 38
10 8
11 45
12 50
13 0
14 36
15 46
16 56
17 65
18 71
19 25
20 69
21 41
22 6
23 21
24 42
25 43
26 78
27 15
28 9
29 68
30 28
31 37
32 59
33 39
34 22
35 74
36 55
37 28
38 25
39 12
40 16
41 12
42 38
43 52
44 17
45 61
46 41
47 24
48 76
49 54
50 30
51 56
52 32
53 13
54 28
55 68
56 22
57 33
58 23
59 60
60 55
61 59
62 70
63 0
64 58
65 19
66 25
67 70
68 48
69 72
70 5
71 20
72 72
73 14
74 68
75 77
76 67
77 73
78 71
79 78
80 23
81 73
82 78
83 37
84 57
85 61
86 72
87 27
88 36
89 44
90 69
91 55
92 78
93 73
94 24
95 32
96 0
97 66
98 2
99 10
100 23
101 22
102 29
103 37
104 39
105 53
106 60
107 17
108 46
109 22
110 5
111 73
112 51
113 58
114 14
115 11
116 19
117 77
118 67
119 6
120 69
121 27
122 58
123 32
124 22
125 69
126 60
127 17
128 67
129 25
130 77
131 74
132 63
133 34
134 3
135 6
136 10
137 9
138 33
139 6
140 14
141 34
142 54
143 4
144 45
145 42
146 0
147 25
148 66
149 22
150 68
151 6
152 24
153 41
154 58
155 9
156 47
157 64
158 12
159 50
160 42
161 8
162 70
163 31
164 34
165 1
166 26
167 66
168 67
169 36
170 8
171 64
172 48
173 58
174 34
175 67
176 62
177 28
178 51
179 16
180 54
181 73
182 7
183 6
184 47
185 30
186 62
187 68
188 70
189 5
190 57
191 49
192 25
193 5
194 18
195 7
196 60
197 8
198 26
199 22
200 51
201 21
202 70
203 68
204 15
205 17
206 10
207 41
208 19
209 28
210 17
211 77
212 60
213 41
214 12
215 19
216 58
217 78
218 59
219 74
220 26
221 54
222 46
223 58
224 59
225 25
226 4
227 33
228 27
229 67
230 64
231 67
232 26
233 6
234 72
235 4
236 71
237 64
238 42
239 24
240 24
241 60
242 60
243 44
244 60
245 59
246 5
247 11
248 26
249 49
250 10