15
250
1 21
2 21
3 39
4 5
5 19
6 75
7 41
8 77
9 0
10 31
11 75
12 11
13 36
14 10
15 35
16 78
17 7
18 70
19 40
20 65
21 43
22 60
23 55
24 72
25 14
26 20
27 53
28 52
29 56
30 77
31 36
32 54
33 74
34 60
35 23
36 48
37 12
38 20
39 48
40 41
41 46
42 44
43 21
44 58
45 61
46 75
47 63
48 42
49 28
50 7
51 38
52 7
53 49
54 39
55 50
56 12
57 26
58 44
59 68
60 6
61 72
62 22
63 11
64 56
65 38
66 55
67 57
68 57
69 32
70 68
71 22
72 65
73 51
74 68
75 77
76 20
77 35
78 28
79 3
80 13
81 23
82 15
83 53
84 39
85 9
86 39
87 4
88 78
89 45
90 64
91 34
92 55
93 4
94 61
95 49
96 22
97 18
98 14
99 1
100 28
101 38
102 60
103 59
104 13
105 30
106 28
107 60
108 8
109 31
110 75
111 7
112 5
113 29
114 54
115 55
116 73
117 47
118 70
119 23
120 1
121 15
122 54
123 51
124 44
125 40
126 48
127 47
128 40
129 44
130 4
131 32
132 67
133 33
134 41
135 48
136 44
137 7
138 64
139 12
140 22
141 5
142 78
143 9
144 47
145 74
146 23
147 73
148 54
149 19
150 57
151 18
152 37
153 5
154 67
155 7
156 29
157 17
158 44
159 56
160 47
161 65
162 26
163 63
164 77
165 17
166 47
167 14
168 39
169 39
170 57
171 63
172 14
173 19
174 30
175 11
176 52
177 72
178 15
179 73
180 29
181 69
182 52
183 66
184 30
185 49
186 72
187 32
188 68
189 28
190 65
191 60
192 62
193 47
194 25
195 69
196 29
197 36
198 2
199 7
200 40
201 17
202 66
203 40
204 42
205 33
206 54
207 37
208 25
209 6
210 55
211 27
212 38
213 24
214 67
215 40
216 0
217 42
218 45
219 71
220 0
221 11
222 57
223 13
224 62
225 39
226 70
227 43
228 48
229 33
230 17
231 6
232 63
233 45
234 28
235 20
236 44
237 1
238 1
239 75
240 15
241 22
242 77
243 66
244 49
245 6
246 19
247 60
248 64
249 33
250 70