15
250
1 69
2 7
3 74
4 52
5 32
6 65
7 26
8 17
9 27
10 8
11 20
12 52
13 46
14 70
15 34
16 66
17 25
18 13
19 51
20 38
21 54
22 5
23 76
24 76
25 3
26 36
27 1
28 50
29 4
30 37
31 13
32 72
33 46
34 21
35 61
36 40
37 75
38 45
39 36
40 72
41 67
42 10
43 31
44 11
45 2
46 53
47 57
48 76
49 45
50 58
51 49
52 15
53 76
54 77
55 77
56 52
57 64
58 12
59 38
60 41
61 22
62 3
63 36
64 4
65 23
66 20
67 59
68 75
69 0
70 42
71 29
72 71
73 50
74 34
75 51
76 4
77 26
78 67
79 53
80 46
81 54
82 33
83 76
84 22
85 51
86 43
87 74
88 75
89 72
90 52
91 48
92 44
93 16
94 12
95 72
96 71
97 16
98 46
99 52
100 67
101 16
102 23
103 66
104 54
105 58
106 57
107 43
108 3
109 48
110 20
111 1
112 49
113 5
114 8
115 25
116 0
117 27
118 12
119 53
120 43
121 7
122 61
123 32
124 44
125 47
126 50
127 78
128 31
129 46
130 64
131 24
132 0
133 6
134 50
135 18
136 51
137 14
138 6
139 77
140 33
141 46
142 68
143 74
144 76
145 33
146 9
147 51
148 11
149 22
150 48
151 32
152 56
153 16
154 32
155 56
156 78
157 0
158 26
159 56
160 46
161 23
162 59
163 56
164 8
165 75
166 26
167 43
168 68
169 37
170 40
171 28
172 55
173 32
174 11
175 75
176 9
177 23
178 31
179 71
180 52
181 18
182 54
183 66
184 63
185 69
186 2
187 70
188 72
189 62
190 6
191 43
192 27
193 26
194 23
195 66
196 19
197 9
198 11
199 22
200 31
201 54
202 61
203 26
204 59
205 5
206 77
207 44
208 39
209 0
210 78
211 42
212 23
213 7
214 8
215 66
216 33
217 32
218 19
219 71
220 66
221 78
222 38
223 67
224 72
225 60
226 8
227 3
228 39
229 4
230 75
231 46
232 47
233 74
234 28
235 61
236 15
237 10
238 57
239 16
240 73
241 14
242 34
243 23
244 25
245 18
246 11
247 19
248 0
249 63
250 23