15
250
1 38
2 24
3 69
4 24
5 54
6 61
7 3
8 25
9 7
10 63
11 52
12 10
13 2
14 31
15 53
16 40
17 73
18 67
19 68
20 18
21 71
22 57
23 34
24 50
25 12
26 60
27 50
28 4
29 21
30 77
31 23
32 15
33 22
34 24
35 60
36 41
37 59
38 32
39 35
40 52
41 60
42 32
43 9
44 61
45 63
46 43
47 17
48 30
49 27
50 35
51 76
52 35
53 19
54 40
55 19
56 63
57 14
58 50
59 21
60 47
61 54
62 24
63 21
64 13
65 65
66 62
67 71
68 62
69 59
70 5
71 35
72 38
73 55
74 6
75 40
76 23
77 33
78 66
79 9
80 20
81 31
82 31
83 12
84 4
85 0
86 30
87 16
88 68
89 23
90 73
91 61
92 64
93 6
94 28
95 28
96 17
97 56
98 11
99 54
100 25
101 16
102 11
103 9
104 0
105 42
106 41
107 57
108 65
109 73
110 22
111 21
112 8
113 0
114 39
115 60
116 30
117 71
118 65
119 63
120 16
121 78
122 36
123 58
124 22
125 43
126 62
127 8
128 62
129 74
130 27
131 16
132 7
133 4
134 3
135 31
136 11
137 37
138 3
139 17
140 76
141 68
142 60
143 70
144 26
145 2
146 27
147 38
148 35
149 66
150 40
151 0
152 21
153 32
154 75
155 5
156 4
157 2
158 25
159 25
160 57
161 71
162 16
163 38
164 12
165 38
166 37
167 13
168 16
169 9
170 69
171 52
172 42
173 4
174 30
175 52
176 35
177 12
178 57
179 24
180 27
181 55
182 50
183 31
184 29
185 76
186 61
187 59
188 49
189 47
190 74
191 55
192 7
193 74
194 41
195 64
196 40
197 4
198 53
199 39
200 9
201 16
202 59
203 23
204 47
205 7
206 15
207 47
208 2
209 62
210 30
211 73
212 78
213 3
214 28
215 0
216 30
217 58
218 67
219 74
220 64
221 35
222 39
223 75
224 51
225 49
226 61
227 36
228 31
229 1
230 41
231 28
232 67
233 25
234 36
235 69
236 60
237 67
238 76
239 8
240 5
241 45
242 23
243 63
244 62
245 75
246 78
247 26
248 0
249 50
250 13