22
500
1 30
2 16
3 5
4 46
5 36
6 55
7 9
8 19
9 68
10 41
11 39
12 26
13 1
14 70
15 20
16 18
17 41
18 35
19 25
20 74
21 25
22 3
23 30
24 11
25 37
26 56
27 30
28 61
29 69
30 41
31 33
32 30
33 24
34 65
35 15
36 18
37 47
38 1
39 13
40 2
41 50
42 76
43 37
44 50
45 40
46 6
47 6
48 15
49 26
50 28
51 67
52 25
53 73
54 63
55 6
56 16
57 8
58 55
59 63
60 26
61 18
62 42
63 45
64 70
65 63
66 66
67 26
68 65
69 5
70 57
71 7
72 61
73 37
74 9
75 5
76 26
77 60
78 14
79 22
80 38
81 27
82 8
83 30
84 66
85 61
86 45
87 11
88 26
89 61
90 28
91 48
92 76
93 69
94 59
95 53
96 40
97 64
98 24
99 17
100 49
101 0
102 71
103 40
104 8
105 55
106 7
107 37
108 23
109 61
110 35
111 47
112 33
113 60
114 42
115 41
116 55
117 45
118 35
119 49
120 63
121 13
122 30
123 22
124 76
125 77
126 39
127 39
128 64
129 11
130 72
131 63
132 17
133 7
134 11
135 66
136 39
137 42
138 37
139 27
140 15
141 2
142 43
143 4
144 66
145 70
146 8
147 42
148 25
149 74
150 52
151 22
152 41
153 50
154 68
155 49
156 58
157 32
158 72
159 18
160 74
161 28
162 35
163 47
164 4
165 20
166 5
167 64
168 63
169 4
170 51
171 25
172 54
173 52
174 14
175 55
176 77
177 64
178 27
179 19
180 61
181 45
182 43
183 43
184 64
185 6
186 26
187 38
188 2
189 64
190 62
191 20
192 55
193 61
194 51
195 49
196 37
197 75
198 31
199 66
200 64
201 7
202 56
203 6
204 51
205 68
206 23
207 56
208 43
209 13
210 53
211 0
212 6
213 64
214 18
215 18
216 62
217 24
218 2
219 45
220 15
221 56
222 43
223 60
224 34
225 3
226 14
227 21
228 75
229 4
230 51
231 65
232 41
233 12
234 15
235 16
236 72
237 62
238 51
239 7
240 15
241 31
242 5
243 70
244 11
245 73
246 51
247 16
248 19
249 36
250 12
251 71
252 77
253 75
254 6
255 36
256 57
257 64
258 13
259 42
260 52
261 68
262 22
263 43
264 45
265 58
266 42
267 33
268 24
269 78
270 2
271 70
272 45
273 67
274 54
275 21
276 62
277 16
278 70
279 15
280 52
281 59
282 19
283 73
284 17
285 58
286 6
287 63
288 2
289 21
290 42
291 42
292 4
293 74
294 70
295 32
296 35
297 42
298 10
299 56
300 33
301 47
302 26
303 50
304 0
305 38
306 10
307 31
308 63
309 58
310 26
311 21
312 50
313 25
314 24
315 10
316 3
317 74
318 73
319 33
320 70
321 6
322 28
323 36
324 18
325 65
326 68
327 6
328 44
329 51
330 47
331 62
332 65
333 76
334 25
335 26
336 17
337 62
338 72
339 61
340 6
341 78
342 17
343 45
344 41
345 62
346 36
347 18
348 27
349 41
350 5
351 65
352 59
353 53
354 78
355 34
356 60
357 60
358 54
359 49
360 59
361 70
362 21
363 61
364 23
365 33
366 9
367 75
368 23
369 17
370 72
371 45
372 40
373 31
374 17
375 28
376 70
377 39
378 42
379 78
380 34
381 23
382 71
383 14
384 4
385 15
386 34
387 38
388 54
389 48
390 53
391 56
392 20
393 23
394 5
395 25
396 32
397 77
398 6
399 9
400 24
401 10
402 3
403 37
404 11
405 7
406 60
407 28
408 52
409 59
410 52
411 34
412 25
413 49
414 15
415 66
416 34
417 0
418 20
419 35
420 65
421 76
422 73
423 1
424 16
425 54
426 21
427 55
428 22
429 52
430 15
431 33
432 74
433 36
434 43
435 7
436 21
437 78
438 73
439 72
440 42
441 32
442 47
443 12
444 16
445 25
446 3
447 34
448 34
449 49
450 27
451 69
452 21
453 46
454 60
455 36
456 41
457 23
458 62
459 49
460 19
461 50
462 29
463 58
464 29
465 7
466 17
467 7
468 0
469 29
470 33
471 67
472 65
473 2
474 49
475 54
476 28
477 8
478 74
479 14
480 45
481 51
482 20
483 25
484 59
485 55
486 51
487 41
488 7
489 15
490 38
491 49
492 5
493 53
494 17
495 28
496 68
497 6
498 49
499 30
500 60