22
500
1 74
2 8
3 47
4 37
5 26
6 30
7 24
8 5
9 20
10 30
11 78
12 47
13 25
14 23
15 57
16 70
17 13
18 61
19 44
20 9
21 41
22 3
23 53
24 2
25 58
26 46
27 29
28 23
29 74
30 62
31 18
32 38
33 37
34 72
35 74
36 23
37 56
38 5
39 61
40 54
41 75
42 27
43 3
44 28
45 66
46 24
47 67
48 44
49 73
50 42
51 26
52 4
53 1
54 50
55 40
56 0
57 61
58 9
59 69
60 53
61 74
62 13
63 0
64 40
65 8
66 61
67 38
68 21
69 3
70 62
71 55
72 6
73 16
74 4
75 40
76 40
77 51
78 58
79 20
80 33
81 32
82 58
83 16
84 32
85 58
86 69
87 34
88 53
89 53
90 22
91 41
92 14
93 74
94 59
95 27
96 43
97 53
98 25
99 74
100 60
101 42
102 10
103 16
104 66
105 66
106 26
107 12
108 45
109 66
110 2
111 66
112 36
113 61
114 24
115 9
116 58
117 73
118 47
119 45
120 16
121 33
122 64
123 5
124 50
125 29
126 30
127 64
128 78
129 68
130 58
131 60
132 28
133 35
134 41
135 43
136 18
137 14
138 8
139 5
140 9
141 42
142 50
143 74
144 61
145 21
146 42
147 22
148 76
149 58
150 41
151 75
152 71
153 78
154 65
155 75
156 70
157 39
158 57
159 8
160 47
161 6
162 68
163 7
164 31
165 49
166 60
167 61
168 44
169 31
170 12
171 60
172 39
173 75
174 3
175 67
176 34
177 65
178 51
179 63
180 34
181 63
182 25
183 0
184 23
185 69
186 27
187 44
188 64
189 78
190 13
191 24
192 39
193 45
194 64
195 68
196 4
197 55
198 2
199 34
200 73
201 77
202 33
203 31
204 64
205 77
206 4
207 31
208 22
209 65
210 6
211 16
212 24
213 54
214 14
215 21
216 68
217 28
218 58
219 25
220 78
221 52
222 13
223 38
224 26
225 16
226 46
227 64
228 15
229 21
230 48
231 69
232 53
233 54
234 76
235 48
236 24
237 5
238 46
239 10
240 45
241 73
242 32
243 50
244 42
245 9
246 36
247 0
248 1
249 9
250 21
251 53
252 55
253 62
254 54
255 52
256 77
257 10
258 76
259 51
260 75
261 22
262 13
263 59
264 51
265 62
266 4
267 43
268 42
269 71
270 0
271 51
272 51
273 44
274 26
275 27
276 38
277 5
278 52
279 71
280 38
281 62
282 78
283 57
284 12
285 69
286 30
287 43
288 16
289 50
290 29
291 33
292 76
293 53
294 17
295 72
296 32
297 39
298 15
299 35
300 31
301 23
302 48
303 50
304 48
305 24
306 23
307 47
308 72
309 24
310 32
311 49
312 11
313 55
314 21
315 38
316 33
317 68
318 17
319 38
320 49
321 23
322 59
323 72
324 45
325 10
326 49
327 43
328 49
329 1
330 61
331 23
332 54
333 33
334 21
335 3
336 11
337 67
338 70
339 61
340 65
341 66
342 73
343 27
344 36
345 64
346 22
347 49
348 57
349 75
350 44
351 2
352 37
353 61
354 75
355 22
356 40
357 68
358 29
359 23
360 49
361 44
362 76
363 68
364 47
365 12
366 34
367 62
368 47
369 68
370 61
371 36
372 65
373 61
374 63
375 45
376 36
377 30
378 62
379 64
380 39
381 33
382 47
383 63
384 23
385 53
386 34
387 66
388 46
389 37
390 39
391 46
392 32
393 9
394 23
395 17
396 51
397 14
398 68
399 5
400 77
401 4
402 8
403 27
404 12
405 58
406 32
407 21
408 56
409 60
410 63
411 48
412 3
413 14
414 56
415 33
416 69
417 62
418 67
419 47
420 45
421 35
422 4
423 0
424 45
425 51
426 68
427 2
428 30
429 31
430 26
431 38
432 62
433 55
434 15
435 36
436 77
437 56
438 39
439 17
440 73
441 57
442 6
443 29
444 72
445 15
446 9
447 7
448 27
449 48
450 29
451 21
452 7
453 66
454 25
455 43
456 28
457 3
458 8
459 66
460 29
461 51
462 36
463 5
464 63
465 53
466 76
467 62
468 67
469 15
470 13
471 32
472 7
473 19
474 23
475 0
476 33
477 51
478 72
479 67
480 50
481 52
482 74
483 50
484 76
485 16
486 16
487 75
488 34
489 62
490 18
491 10
492 59
493 8
494 20
495 53
496 78
497 64
498 51
499 11
500 65