22
500
1 46
2 1
3 25
4 47
5 20
6 7
7 24
8 2
9 36
10 33
11 41
12 73
13 49
14 34
15 24
16 69
17 74
18 30
19 6
20 6
21 7
22 34
23 5
24 14
25 2
26 40
27 28
28 35
29 26
30 71
31 78
32 41
33 24
34 17
35 10
36 63
37 16
38 76
39 26
40 8
41 32
42 34
43 22
44 46
45 73
46 33
47 60
48 56
49 41
50 69
51 43
52 58
53 26
54 76
55 66
56 6
57 12
58 49
59 20
60 60
61 57
62 16
63 26
64 47
65 3
66 23
67 27
68 40
69 6
70 36
71 77
72 74
73 41
74 28
75 56
76 59
77 27
78 67
79 51
80 74
81 10
82 57
83 53
84 20
85 58
86 59
87 70
88 8
89 55
90 7
91 19
92 28
93 31
94 58
95 16
96 30
97 56
98 56
99 20
100 31
101 52
102 46
103 43
104 66
105 53
106 76
107 20
108 32
109 27
110 4
111 1
112 8
113 21
114 35
115 0
116 46
117 21
118 17
119 55
120 56
121 56
122 63
123 76
124 5
125 74
126 57
127 13
128 74
129 46
130 62
131 23
132 21
133 9
134 12
135 72
136 1
137 73
138 37
139 3
140 53
141 49
142 16
143 45
144 66
145 30
146 39
147 23
148 65
149 11
150 59
151 76
152 72
153 75
154 42
155 67
156 59
157 53
158 55
159 52
160 60
161 12
162 69
163 74
164 21
165 34
166 22
167 64
168 48
169 6
170 41
171 9
172 2
173 18
174 5
175 68
176 32
177 29
178 56
179 1
180 4
181 14
182 7
183 20
184 37
185 27
186 66
187 28
188 15
189 36
190 52
191 75
192 52
193 62
194 37
195 71
196 19
197 56
198 16
199 73
200 74
201 27
202 25
203 25
204 37
205 69
206 25
207 21
208 15
209 47
210 70
211 5
212 32
213 68
214 59
215 15
216 43
217 18
218 61
219 10
220 55
221 65
222 40
223 3
224 57
225 41
226 73
227 46
228 28
229 42
230 0
231 5
232 38
233 44
234 45
235 65
236 2
237 69
238 12
239 27
240 26
241 37
242 61
243 21
244 7
245 41
246 58
247 39
248 18
249 65
250 19
251 75
252 31
253 14
254 25
255 36
256 22
257 37
258 53
259 40
260 74
261 34
262 63
263 26
264 22
265 16
266 66
267 30
268 11
269 60
270 18
271 60
272 27
273 26
274 41
275 42
276 42
277 13
278 56
279 76
280 61
281 41
282 73
283 57
284 64
285 41
286 71
287 5
288 6
289 22
290 73
291 1
292 15
293 51
294 3
295 47
296 25
297 17
298 26
299 67
300 48
301 17
302 52
303 68
304 11
305 1
306 66
307 40
308 46
309 62
310 57
311 21
312 59
313 48
314 72
315 25
316 63
317 52
318 78
319 76
320 38
321 39
322 30
323 52
324 74
325 7
326 36
327 61
328 42
329 32
330 30
331 13
332 3
333 70
334 51
335 21
336 71
337 62
338 4
339 43
340 29
341 6
342 58
343 70
344 73
345 67
346 37
347 67
348 16
349 70
350 39
351 14
352 53
353 19
354 9
355 5
356 76
357 5
358 8
359 9
360 31
361 44
362 40
363 15
364 22
365 40
366 44
367 63
368 26
369 71
370 2
371 11
372 74
373 19
374 7
375 6
376 75
377 24
378 54
379 60
380 27
381 24
382 11
383 6
384 5
385 61
386 35
387 18
388 39
389 21
390 48
391 63
392 74
393 8
394 36
395 32
396 27
397 42
398 13
399 16
400 22
401 37
402 15
403 56
404 24
405 41
406 52
407 44
408 47
409 35
410 10
411 50
412 7
413 48
414 28
415 43
416 39
417 53
418 59
419 28
420 72
421 74
422 69
423 0
424 50
425 52
426 1
427 31
428 21
429 57
430 61
431 10
432 36
433 56
434 72
435 7
436 64
437 64
438 33
439 38
440 5
441 32
442 28
443 65
444 6
445 0
446 73
447 56
448 46
449 8
450 43
451 29
452 64
453 42
454 12
455 20
456 52
457 51
458 54
459 12
460 58
461 22
462 43
463 54
464 7
465 67
466 56
467 12
468 23
469 49
470 47
471 75
472 61
473 33
474 40
475 73
476 51
477 57
478 1
479 64
480 17
481 52
482 57
483 48
484 35
485 41
486 31
487 16
488 54
489 9
490 24
491 16
492 12
493 45
494 25
495 55
496 16
497 74
498 22
499 72
500 20