22
500
1 54
2 29
3 77
4 55
5 28
6 18
7 14
8 35
9 75
10 31
11 0
12 32
13 8
14 17
15 59
16 22
17 37
18 62
19 26
20 32
21 10
22 68
23 1
24 44
25 33
26 35
27 23
28 37
29 55
30 52
31 25
32 4
33 51
34 40
35 1
36 12
37 4
38 52
39 32
40 6
41 46
42 31
43 78
44 22
45 69
46 5
47 11
48 63
49 40
50 26
51 14
52 56
53 26
54 25
55 52
56 1
57 55
58 12
59 57
60 3
61 66
62 13
63 10
64 63
65 22
66 43
67 30
68 40
69 67
70 20
71 36
72 5
73 65
74 21
75 38
76 31
77 65
78 64
79 12
80 62
81 50
82 36
83 77
84 29
85 7
86 57
87 46
88 2
89 52
90 13
91 49
92 14
93 19
94 17
95 9
96 5
97 35
98 65
99 56
100 65
101 65
102 43
103 36
104 14
105 8
106 73
107 2
108 32
109 24
110 51
111 58
112 39
113 29
114 11
115 19
116 41
117 23
118 11
119 52
120 12
121 28
122 38
123 74
124 41
125 53
126 47
127 71
128 73
129 63
130 46
131 7
132 29
133 19
134 70
135 37
136 15
137 1
138 38
139 36
140 58
141 74
142 51
143 32
144 18
145 23
146 37
147 41
148 28
149 42
150 61
151 35
152 60
153 65
154 1
155 30
156 21
157 15
158 65
159 50
160 57
161 27
162 74
163 20
164 24
165 63
166 5
167 46
168 48
169 17
170 46
171 6
172 4
173 59
174 58
175 20
176 16
177 13
178 54
179 59
180 11
181 12
182 66
183 75
184 58
185 30
186 25
187 75
188 0
189 27
190 53
191 61
192 69
193 5
194 1
195 34
196 46
197 25
198 31
199 19
200 13
201 15
202 33
203 22
204 14
205 32
206 3
207 76
208 35
209 3
210 68
211 40
212 3
213 78
214 26
215 18
216 76
217 66
218 53
219 54
220 5
221 52
222 7
223 40
224 69
225 54
226 12
227 63
228 76
229 37
230 18
231 56
232 5
233 74
234 19
235 26
236 31
237 48
238 33
239 13
240 26
241 55
242 77
243 4
244 19
245 19
246 10
247 32
248 33
249 39
250 30
251 19
252 12
253 40
254 75
255 17
256 67
257 57
258 36
259 27
260 63
261 49
262 11
263 13
264 20
265 34
266 38
267 64
268 77
269 50
270 8
271 24
272 35
273 47
274 48
275 73
276 47
277 46
278 69
279 70
280 10
281 49
282 25
283 60
284 29
285 38
286 42
287 72
288 5
289 6
290 8
291 31
292 30
293 70
294 57
295 31
296 6
297 42
298 6
299 13
300 38
301 14
302 49
303 67
304 9
305 43
306 8
307 6
308 4
309 12
310 77
311 48
312 30
313 38
314 50
315 6
316 14
317 1
318 60
319 26
320 19
321 24
322 33
323 38
324 28
325 13
326 26
327 16
328 46
329 7
330 35
331 59
332 45
333 56
334 56
335 44
336 29
337 57
338 43
339 49
340 25
341 66
342 32
343 68
344 60
345 33
346 19
347 59
348 56
349 1
350 68
351 17
352 11
353 49
354 7
355 55
356 75
357 21
358 47
359 29
360 63
361 27
362 69
363 69
364 74
365 33
366 10
367 37
368 54
369 18
370 22
371 49
372 63
373 52
374 38
375 30
376 12
377 2
378 70
379 29
380 48
381 67
382 38
383 25
384 51
385 6
386 40
387 26
388 57
389 74
390 66
391 42
392 35
393 10
394 29
395 0
396 49
397 47
398 30
399 23
400 78
401 76
402 55
403 70
404 24
405 78
406 71
407 29
408 50
409 75
410 57
411 18
412 45
413 23
414 24
415 70
416 46
417 52
418 22
419 66
420 4
421 54
422 6
423 59
424 65
425 15
426 65
427 31
428 51
429 34
430 6
431 22
432 70
433 45
434 3
435 26
436 41
437 50
438 57
439 49
440 39
441 50
442 58
443 33
444 3
445 10
446 73
447 25
448 11
449 74
450 5
451 22
452 66
453 51
454 23
455 3
456 13
457 3
458 58
459 59
460 77
461 66
462 42
463 1
464 55
465 39
466 68
467 50
468 1
469 33
470 71
471 31
472 19
473 73
474 0
475 21
476 33
477 41
478 77
479 13
480 11
481 4
482 52
483 7
484 50
485 20
486 49
487 33
488 72
489 44
490 2
491 28
492 30
493 13
494 77
495 29
496 46
497 37
498 21
499 36
500 9