22
500
1 31
2 48
3 69
4 74
5 35
6 25
7 68
8 18
9 64
10 13
11 68
12 65
13 59
14 15
15 32
16 70
17 69
18 36
19 18
20 28
21 55
22 66
23 64
24 54
25 44
26 70
27 0
28 19
29 12
30 52
31 6
32 49
33 25
34 28
35 60
36 76
37 4
38 56
39 14
40 69
41 5
42 44
43 74
44 4
45 45
46 41
47 26
48 42
49 66
50 28
51 6
52 61
53 62
54 68
55 48
56 38
57 76
58 65
59 29
60 11
61 75
62 40
63 12
64 47
65 69
66 22
67 12
68 19
69 47
70 25
71 67
72 59
73 12
74 66
75 53
76 35
77 2
78 41
79 31
80 0
81 22
82 30
83 54
84 57
85 8
86 12
87 9
88 74
89 56
90 62
91 25
92 51
93 67
94 13
95 55
96 68
97 7
98 59
99 36
100 14
101 9
102 57
103 3
104 64
105 50
106 7
107 2
108 61
109 44
110 56
111 14
112 45
113 60
114 43
115 59
116 56
117 45
118 59
119 21
120 40
121 9
122 71
123 0
124 58
125 50
126 12
127 46
128 74
129 6
130 44
131 5
132 36
133 62
134 39
135 3
136 60
137 73
138 71
139 24
140 8
141 13
142 0
143 14
144 13
145 37
146 34
147 33
148 78
149 10
150 17
151 53
152 8
153 34
154 49
155 73
156 75
157 51
158 10
159 70
160 24
161 28
162 72
163 6
164 40
165 47
166 20
167 51
168 9
169 71
170 16
171 12
172 12
173 9
174 16
175 70
176 62
177 0
178 59
179 61
180 31
181 78
182 71
183 57
184 44
185 2
186 55
187 2
188 50
189 59
190 5
191 8
192 37
193 55
194 30
195 3
196 48
197 26
198 34
199 32
200 50
201 67
202 60
203 27
204 13
205 50
206 71
207 48
208 50
209 30
210 10
211 30
212 32
213 18
214 34
215 25
216 76
217 39
218 32
219 37
220 33
221 54
222 76
223 20
224 37
225 69
226 31
227 46
228 38
229 29
230 77
231 44
232 20
233 58
234 64
235 36
236 12
237 40
238 68
239 19
240 25
241 37
242 0
243 50
244 58
245 8
246 17
247 70
248 70
249 72
250 18
251 25
252 54
253 56
254 68
255 54
256 54
257 26
258 1
259 1
260 26
261 68
262 50
263 59
264 29
265 54
266 37
267 69
268 60
269 35
270 34
271 39
272 33
273 44
274 10
275 72
276 1
277 49
278 74
279 40
280 47
281 0
282 8
283 53
284 26
285 48
286 52
287 74
288 31
289 38
290 24
291 27
292 69
293 73
294 62
295 60
296 36
297 8
298 38
299 62
300 15
301 31
302 8
303 58
304 70
305 2
306 9
307 35
308 40
309 61
310 35
311 0
312 46
313 57
314 16
315 25
316 74
317 76
318 62
319 21
320 3
321 65
322 11
323 73
324 71
325 38
326 49
327 70
328 34
329 3
330 27
331 63
332 17
333 68
334 15
335 58
336 30
337 54
338 8
339 43
340 44
341 66
342 35
343 76
344 78
345 39
346 42
347 3
348 28
349 16
350 64
351 35
352 63
353 8
354 29
355 71
356 8
357 5
358 15
359 31
360 43
361 3
362 23
363 76
364 37
365 41
366 43
367 50
368 49
369 41
370 47
371 51
372 73
373 69
374 26
375 41
376 18
377 47
378 47
379 31
380 69
381 70
382 25
383 24
384 70
385 13
386 78
387 47
388 45
389 55
390 68
391 7
392 30
393 50
394 21
395 17
396 60
397 50
398 31
399 59
400 32
401 25
402 4
403 27
404 57
405 58
406 55
407 17
408 44
409 23
410 67
411 50
412 37
413 77
414 31
415 24
416 39
417 50
418 9
419 26
420 2
421 24
422 54
423 54
424 15
425 60
426 41
427 16
428 70
429 10
430 52
431 60
432 72
433 10
434 18
435 67
436 63
437 44
438 3
439 1
440 38
441 48
442 6
443 48
444 15
445 64
446 53
447 58
448 54
449 28
450 44
451 17
452 35
453 49
454 72
455 49
456 13
457 7
458 49
459 44
460 25
461 13
462 23
463 26
464 42
465 62
466 62
467 14
468 20
469 32
470 66
471 61
472 77
473 59
474 59
475 36
476 5
477 7
478 7
479 62
480 54
481 62
482 19
483 38
484 5
485 45
486 13
487 76
488 58
489 17
490 6
491 28
492 48
493 66
494 11
495 19
496 33
497 17
498 22
499 35
500 41