22
500
1 46
2 69
3 73
4 74
5 72
6 21
7 21
8 62
9 10
10 31
11 66
12 10
13 17
14 77
15 23
16 8
17 27
18 20
19 54
20 14
21 59
22 75
23 50
24 5
25 11
26 44
27 29
28 47
29 9
30 7
31 76
32 67
33 77
34 6
35 48
36 4
37 7
38 76
39 74
40 38
41 30
42 18
43 49
44 27
45 47
46 36
47 35
48 40
49 77
50 46
51 50
52 6
53 20
54 7
55 69
56 74
57 17
58 21
59 25
60 33
61 61
62 29
63 72
64 26
65 70
66 46
67 34
68 58
69 24
70 70
71 19
72 14
73 5
74 50
75 20
76 13
77 72
78 33
79 47
80 56
81 26
82 36
83 45
84 35
85 36
86 23
87 5
88 5
89 39
90 28
91 49
92 3
93 35
94 41
95 32
96 1
97 0
98 34
99 26
100 39
101 46
102 34
103 17
104 22
105 25
106 16
107 58
108 4
109 70
110 11
111 76
112 47
113 62
114 54
115 13
116 76
117 48
118 27
119 48
120 32
121 71
122 8
123 72
124 20
125 50
126 76
127 28
128 59
129 43
130 59
131 5
132 57
133 33
134 18
135 54
136 21
137 19
138 76
139 21
140 0
141 58
142 77
143 2
144 65
145 69
146 66
147 65
148 78
149 69
150 33
151 10
152 4
153 40
154 78
155 16
156 40
157 2
158 67
159 19
160 27
161 48
162 17
163 57
164 45
165 66
166 30
167 34
168 4
169 46
170 35
171 58
172 55
173 13
174 23
175 46
176 47
177 63
178 11
179 55
180 55
181 21
182 4
183 25
184 59
185 31
186 69
187 28
188 74
189 78
190 48
191 56
192 38
193 44
194 48
195 7
196 21
197 73
198 25
199 30
200 20
201 25
202 63
203 5
204 35
205 11
206 73
207 58
208 18
209 47
210 67
211 54
212 14
213 77
214 21
215 41
216 67
217 34
218 11
219 75
220 47
221 7
222 24
223 53
224 43
225 10
226 13
227 6
228 54
229 68
230 63
231 54
232 15
233 30
234 71
235 11
236 54
237 40
238 29
239 52
240 6
241 54
242 22
243 60
244 61
245 19
246 22
247 25
248 26
249 52
250 17
251 18
252 63
253 18
254 4
255 5
256 10
257 62
258 72
259 78
260 65
261 6
262 14
263 77
264 36
265 67
266 37
267 68
268 34
269 75
270 38
271 66
272 75
273 0
274 57
275 37
276 7
277 15
278 15
279 32
280 29
281 9
282 66
283 55
284 72
285 19
286 38
287 51
288 65
289 10
290 3
291 35
292 0
293 30
294 39
295 65
296 44
297 12
298 65
299 8
300 43
301 58
302 28
303 71
304 36
305 23
306 45
307 25
308 68
309 71
310 4
311 19
312 25
313 64
314 68
315 5
316 56
317 14
318 60
319 77
320 45
321 44
322 72
323 77
324 65
325 48
326 44
327 48
328 23
329 49
330 60
331 70
332 28
333 24
334 39
335 75
336 37
337 56
338 28
339 48
340 19
341 13
342 41
343 25
344 3
345 36
346 46
347 75
348 32
349 34
350 49
351 59
352 68
353 38
354 43
355 9
356 29
357 39
358 77
359 20
360 48
361 3
362 54
363 35
364 42
365 54
366 78
367 1
368 50
369 56
370 30
371 24
372 55
373 54
374 44
375 31
376 12
377 52
378 76
379 28
380 71
381 71
382 35
383 7
384 47
385 56
386 41
387 30
388 13
389 29
390 59
391 55
392 19
393 40
394 7
395 61
396 61
397 48
398 48
399 51
400 78
401 53
402 25
403 71
404 43
405 68
406 28
407 14
408 1
409 55
410 13
411 71
412 68
413 54
414 50
415 51
416 33
417 72
418 19
419 50
420 47
421 49
422 13
423 69
424 66
425 22
426 67
427 32
428 63
429 59
430 47
431 18
432 12
433 28
434 34
435 62
436 61
437 5
438 36
439 18
440 31
441 43
442 52
443 11
444 22
445 15
446 66
447 44
448 43
449 39
450 43
451 57
452 36
453 78
454 73
455 23
456 27
457 33
458 52
459 30
460 32
461 62
462 18
463 39
464 42
465 30
466 42
467 55
468 15
469 20
470 17
471 26
472 8
473 21
474 27
475 22
476 76
477 38
478 9
479 15
480 27
481 40
482 1
483 29
484 63
485 63
486 45
487 57
488 70
489 5
490 1
491 60
492 35
493 70
494 11
495 60
496 14
497 60
498 76
499 71
500 71