22
500
1 58
2 55
3 75
4 30
5 72
6 23
7 1
8 39
9 46
10 69
11 58
12 66
13 0
14 25
15 15
16 10
17 26
18 9
19 29
20 14
21 72
22 2
23 68
24 69
25 71
26 47
27 35
28 1
29 19
30 63
31 14
32 65
33 34
34 0
35 30
36 58
37 4
38 63
39 64
40 55
41 28
42 13
43 53
44 68
45 77
46 29
47 26
48 59
49 25
50 20
51 75
52 45
53 67
54 31
55 4
56 64
57 44
58 77
59 11
60 63
61 28
62 47
63 54
64 36
65 40
66 4
67 7
68 10
69 42
70 58
71 28
72 40
73 70
74 20
75 56
76 45
77 2
78 56
79 22
80 44
81 12
82 8
83 73
84 48
85 21
86 49
87 72
88 19
89 26
90 5
91 51
92 43
93 45
94 77
95 68
96 0
97 20
98 27
99 15
100 26
101 58
102 71
103 55
104 32
105 5
106 4
107 38
108 20
109 14
110 23
111 39
112 8
113 18
114 14
115 55
116 35
117 1
118 42
119 50
120 73
121 12
122 7
123 59
124 14
125 73
126 59
127 70
128 6
129 71
130 76
131 42
132 70
133 30
134 0
135 15
136 62
137 59
138 60
139 37
140 22
141 57
142 3
143 16
144 48
145 4
146 26
147 73
148 43
149 19
150 78
151 49
152 36
153 21
154 51
155 77
156 2
157 13
158 43
159 25
160 71
161 38
162 13
163 3
164 33
165 19
166 1
167 72
168 59
169 61
170 23
171 70
172 69
173 3
174 19
175 50
176 11
177 49
178 42
179 26
180 46
181 11
182 3
183 10
184 33
185 20
186 56
187 69
188 1
189 33
190 41
191 4
192 70
193 8
194 49
195 25
196 31
197 27
198 75
199 44
200 18
201 51
202 19
203 71
204 73
205 14
206 15
207 46
208 68
209 20
210 48
211 10
212 47
213 18
214 53
215 69
216 72
217 16
218 76
219 74
220 59
221 53
222 50
223 30
224 77
225 31
226 37
227 6
228 77
229 70
230 71
231 67
232 55
233 48
234 51
235 78
236 57
237 77
238 46
239 75
240 40
241 76
242 18
243 66
244 2
245 23
246 11
247 63
248 58
249 13
250 73
251 37
252 52
253 14
254 52
255 76
256 75
257 74
258 20
259 69
260 56
261 46
262 37
263 4
264 43
265 62
266 49
267 36
268 67
269 48
270 21
271 66
272 72
273 49
274 49
275 31
276 61
277 68
278 34
279 50
280 19
281 45
282 17
283 8
284 56
285 75
286 73
287 66
288 55
289 41
290 17
291 47
292 35
293 21
294 36
295 70
296 37
297 68
298 65
299 46
300 30
301 34
302 64
303 76
304 14
305 43
306 11
307 43
308 55
309 29
310 19
311 77
312 35
313 12
314 34
315 24
316 10
317 1
318 15
319 16
320 16
321 25
322 56
323 40
324 14
325 52
326 64
327 23
328 59
329 45
330 38
331 75
332 5
333 7
334 16
335 11
336 50
337 67
338 43
339 47
340 11
341 13
342 58
343 48
344 55
345 17
346 61
347 77
348 5
349 5
350 72
351 57
352 38
353 33
354 16
355 23
356 26
357 63
358 65
359 25
360 12
361 27
362 13
363 25
364 74
365 60
366 41
367 33
368 39
369 13
370 69
371 10
372 24
373 17
374 10
375 45
376 28
377 47
378 70
379 34
380 22
381 49
382 53
383 45
384 73
385 60
386 23
387 6
388 63
389 23
390 78
391 25
392 9
393 69
394 50
395 16
396 21
397 44
398 22
399 43
400 21
401 7
402 19
403 76
404 3
405 28
406 32
407 9
408 34
409 16
410 76
411 23
412 35
413 50
414 50
415 47
416 21
417 37
418 40
419 65
420 75
421 23
422 30
423 42
424 17
425 71
426 17
427 21
428 50
429 9
430 38
431 54
432 41
433 65
434 47
435 44
436 70
437 19
438 4
439 16
440 34
441 64
442 46
443 25
444 57
445 58
446 64
447 20
448 19
449 78
450 22
451 25
452 42
453 37
454 50
455 15
456 53
457 24
458 46
459 61
460 30
461 22
462 23
463 10
464 28
465 32
466 23
467 56
468 31
469 27
470 11
471 37
472 65
473 27
474 60
475 24
476 27
477 34
478 60
479 32
480 9
481 22
482 11
483 5
484 51
485 71
486 49
487 19
488 60
489 56
490 32
491 9
492 19
493 53
494 74
495 50
496 56
497 59
498 46
499 3
500 41