22
500
1 37
2 71
3 7
4 67
5 57
6 8
7 65
8 14
9 40
10 21
11 6
12 22
13 36
14 49
15 67
16 16
17 26
18 43
19 1
20 12
21 33
22 7
23 22
24 0
25 58
26 28
27 17
28 50
29 5
30 3
31 43
32 0
33 18
34 51
35 2
36 36
37 19
38 66
39 28
40 35
41 54
42 66
43 76
44 41
45 39
46 33
47 4
48 55
49 50
50 68
51 33
52 59
53 51
54 0
55 9
56 67
57 66
58 64
59 0
60 8
61 74
62 17
63 70
64 73
65 8
66 26
67 55
68 0
69 22
70 21
71 16
72 7
73 8
74 62
75 45
76 33
77 64
78 21
79 14
80 13
81 69
82 9
83 24
84 8
85 24
86 25
87 15
88 52
89 75
90 66
91 55
92 51
93 16
94 46
95 77
96 31
97 46
98 2
99 63
100 15
101 20
102 12
103 34
104 76
105 73
106 53
107 45
108 75
109 16
110 30
111 3
112 47
113 32
114 64
115 30
116 64
117 44
118 44
119 74
120 28
121 32
122 34
123 23
124 78
125 68
126 54
127 57
128 62
129 8
130 17
131 9
132 36
133 23
134 28
135 33
136 55
137 46
138 12
139 51
140 27
141 14
142 52
143 14
144 58
145 16
146 24
147 21
148 74
149 11
150 59
151 51
152 60
153 65
154 12
155 22
156 16
157 7
158 24
159 7
160 24
161 59
162 53
163 26
164 37
165 65
166 50
167 65
168 19
169 66
170 40
171 14
172 76
173 17
174 33
175 39
176 65
177 48
178 21
179 25
180 1
181 22
182 51
183 43
184 61
185 74
186 0
187 54
188 51
189 55
190 10
191 6
192 66
193 58
194 16
195 42
196 7
197 2
198 56
199 22
200 60
201 39
202 53
203 46
204 23
205 72
206 64
207 22
208 45
209 28
210 55
211 4
212 8
213 21
214 41
215 47
216 28
217 17
218 33
219 18
220 73
221 43
222 53
223 35
224 10
225 63
226 51
227 2
228 34
229 28
230 71
231 70
232 20
233 43
234 36
235 21
236 45
237 30
238 57
239 68
240 75
241 42
242 26
243 49
244 48
245 22
246 13
247 51
248 45
249 59
250 54
251 19
252 15
253 76
254 44
255 59
256 0
257 49
258 74
259 49
260 19
261 10
262 58
263 13
264 66
265 43
266 61
267 65
268 46
269 36
270 11
271 11
272 31
273 48
274 66
275 9
276 14
277 31
278 36
279 53
280 51
281 40
282 39
283 46
284 9
285 19
286 70
287 37
288 7
289 26
290 13
291 2
292 2
293 12
294 47
295 52
296 51
297 76
298 68
299 12
300 56
301 54
302 29
303 18
304 38
305 11
306 59
307 17
308 68
309 41
310 17
311 75
312 14
313 66
314 36
315 27
316 34
317 69
318 14
319 37
320 32
321 11
322 72
323 64
324 23
325 44
326 41
327 53
328 61
329 52
330 19
331 61
332 70
333 53
334 35
335 14
336 74
337 55
338 63
339 66
340 62
341 26
342 70
343 34
344 67
345 37
346 74
347 70
348 35
349 42
350 6
351 20
352 76
353 70
354 17
355 50
356 29
357 11
358 11
359 18
360 25
361 70
362 39
363 29
364 58
365 44
366 40
367 70
368 8
369 21
370 12
371 46
372 45
373 24
374 42
375 21
376 76
377 19
378 60
379 34
380 52
381 40
382 30
383 33
384 46
385 18
386 1
387 32
388 14
389 34
390 10
391 20
392 28
393 28
394 39
395 21
396 23
397 37
398 63
399 45
400 41
401 64
402 44
403 8
404 24
405 36
406 77
407 44
408 77
409 15
410 71
411 64
412 7
413 63
414 32
415 47
416 48
417 78
418 55
419 40
420 61
421 15
422 67
423 21
424 54
425 20
426 26
427 62
428 75
429 69
430 23
431 21
432 12
433 28
434 6
435 47
436 33
437 23
438 29
439 61
440 12
441 43
442 54
443 34
444 53
445 34
446 4
447 7
448 41
449 48
450 32
451 62
452 46
453 20
454 42
455 44
456 19
457 0
458 55
459 32
460 46
461 69
462 52
463 41
464 44
465 43
466 39
467 69
468 18
469 43
470 50
471 61
472 0
473 8
474 31
475 57
476 24
477 74
478 69
479 19
480 78
481 38
482 5
483 10
484 59
485 67
486 52
487 34
488 46
489 46
490 33
491 35
492 53
493 23
494 33
495 47
496 46
497 0
498 68
499 12
500 42