22
500
1 3
2 1
3 37
4 62
5 47
6 16
7 13
8 1
9 38
10 6
11 58
12 47
13 25
14 55
15 16
16 41
17 41
18 5
19 17
20 75
21 35
22 62
23 65
24 23
25 28
26 61
27 1
28 67
29 25
30 10
31 54
32 27
33 48
34 51
35 18
36 12
37 20
38 77
39 36
40 16
41 45
42 66
43 18
44 61
45 58
46 46
47 37
48 7
49 21
50 36
51 0
52 55
53 22
54 23
55 41
56 26
57 9
58 43
59 63
60 35
61 41
62 52
63 48
64 40
65 4
66 52
67 39
68 37
69 15
70 4
71 25
72 32
73 9
74 33
75 52
76 29
77 41
78 70
79 36
80 72
81 29
82 4
83 19
84 3
85 69
86 42
87 71
88 20
89 35
90 55
91 49
92 43
93 69
94 43
95 33
96 74
97 14
98 70
99 24
100 62
101 11
102 12
103 1
104 28
105 55
106 11
107 9
108 6
109 26
110 8
111 76
112 34
113 29
114 48
115 1
116 51
117 28
118 51
119 34
120 70
121 40
122 73
123 22
124 40
125 78
126 25
127 63
128 41
129 50
130 39
131 22
132 18
133 59
134 39
135 52
136 11
137 71
138 53
139 46
140 45
141 10
142 36
143 29
144 42
145 34
146 8
147 21
148 46
149 69
150 20
151 72
152 59
153 16
154 18
155 26
156 5
157 20
158 51
159 25
160 67
161 49
162 68
163 71
164 6
165 50
166 51
167 74
168 54
169 2
170 14
171 64
172 20
173 74
174 13
175 65
176 56
177 1
178 57
179 77
180 8
181 6
182 23
183 29
184 60
185 34
186 14
187 3
188 59
189 38
190 72
191 13
192 5
193 23
194 3
195 34
196 42
197 74
198 78
199 43
200 20
201 73
202 49
203 64
204 14
205 53
206 78
207 71
208 31
209 59
210 74
211 9
212 77
213 69
214 11
215 12
216 76
217 31
218 17
219 13
220 77
221 30
222 9
223 58
224 63
225 61
226 28
227 75
228 41
229 10
230 58
231 16
232 60
233 49
234 42
235 71
236 50
237 10
238 16
239 71
240 28
241 28
242 32
243 78
244 52
245 4
246 2
247 43
248 8
249 59
250 57
251 68
252 39
253 7
254 15
255 53
256 31
257 62
258 5
259 77
260 56
261 27
262 20
263 14
264 18
265 41
266 3
267 61
268 59
269 69
270 65
271 22
272 64
273 56
274 65
275 61
276 38
277 2
278 44
279 62
280 51
281 25
282 28
283 33
284 64
285 72
286 44
287 46
288 5
289 4
290 28
291 3
292 56
293 63
294 13
295 29
296 13
297 29
298 47
299 41
300 26
301 64
302 52
303 51
304 1
305 46
306 34
307 42
308 69
309 68
310 38
311 25
312 76
313 14
314 11
315 22
316 73
317 67
318 13
319 38
320 54
321 47
322 20
323 18
324 65
325 40
326 37
327 50
328 38
329 33
330 17
331 45
332 7
333 23
334 41
335 71
336 43
337 0
338 27
339 43
340 28
341 60
342 45
343 35
344 26
345 0
346 7
347 63
348 61
349 75
350 34
351 64
352 26
353 37
354 43
355 74
356 30
357 72
358 19
359 22
360 19
361 32
362 27
363 67
364 27
365 72
366 78
367 34
368 25
369 14
370 71
371 19
372 12
373 0
374 65
375 45
376 62
377 18
378 66
379 62
380 7
381 21
382 76
383 64
384 47
385 30
386 40
387 29
388 25
389 3
390 11
391 24
392 14
393 58
394 77
395 63
396 29
397 32
398 52
399 41
400 69
401 5
402 22
403 42
404 7
405 78
406 49
407 64
408 19
409 54
410 30
411 42
412 52
413 54
414 40
415 35
416 12
417 48
418 1
419 20
420 73
421 56
422 63
423 63
424 29
425 0
426 33
427 29
428 15
429 39
430 48
431 28
432 10
433 15
434 29
435 41
436 17
437 39
438 22
439 5
440 62
441 25
442 54
443 16
444 20
445 60
446 61
447 45
448 55
449 64
450 12
451 59
452 44
453 35
454 27
455 72
456 59
457 70
458 69
459 14
460 61
461 36
462 52
463 63
464 32
465 2
466 64
467 11
468 40
469 75
470 53
471 62
472 78
473 50
474 43
475 14
476 77
477 28
478 50
479 53
480 54
481 69
482 12
483 18
484 9
485 63
486 72
487 18
488 2
489 9
490 37
491 47
492 9
493 3
494 44
495 10
496 14
497 34
498 12
499 11
500 27