22
500
1 40
2 23
3 49
4 46
5 39
6 20
7 49
8 48
9 78
10 3
11 10
12 13
13 26
14 5
15 31
16 24
17 62
18 76
19 64
20 16
21 31
22 28
23 68
24 74
25 37
26 64
27 69
28 44
29 47
30 14
31 5
32 44
33 0
34 54
35 45
36 63
37 47
38 74
39 75
40 71
41 53
42 33
43 58
44 45
45 70
46 4
47 47
48 74
49 28
50 7
51 55
52 5
53 4
54 30
55 24
56 19
57 65
58 2
59 65
60 52
61 10
62 78
63 9
64 35
65 75
66 2
67 13
68 32
69 27
70 8
71 17
72 25
73 22
74 16
75 44
76 57
77 40
78 6
79 16
80 28
81 30
82 66
83 69
84 6
85 17
86 41
87 69
88 73
89 58
90 25
91 36
92 44
93 67
94 74
95 40
96 23
97 14
98 26
99 13
100 11
101 55
102 46
103 76
104 38
105 0
106 26
107 36
108 11
109 32
110 65
111 0
112 32
113 48
114 20
115 13
116 39
117 7
118 45
119 70
120 64
121 6
122 63
123 24
124 60
125 5
126 22
127 37
128 6
129 16
130 51
131 19
132 60
133 25
134 63
135 33
136 19
137 77
138 40
139 41
140 57
141 28
142 73
143 6
144 72
145 66
146 52
147 49
148 41
149 73
150 16
151 41
152 20
153 63
154 61
155 32
156 69
157 14
158 56
159 62
160 0
161 6
162 56
163 67
164 63
165 14
166 36
167 23
168 41
169 36
170 15
171 43
172 30
173 47
174 27
175 59
176 32
177 28
178 34
179 68
180 62
181 46
182 73
183 6
184 15
185 75
186 76
187 38
188 16
189 28
190 16
191 7
192 38
193 33
194 37
195 11
196 68
197 34
198 51
199 22
200 78
201 55
202 2
203 48
204 72
205 30
206 41
207 43
208 43
209 4
210 46
211 46
212 58
213 3
214 25
215 32
216 17
217 14
218 67
219 28
220 56
221 51
222 5
223 44
224 48
225 69
226 27
227 54
228 44
229 47
230 30
231 40
232 64
233 35
234 17
235 7
236 78
237 21
238 66
239 4
240 7
241 57
242 31
243 12
244 66
245 43
246 61
247 62
248 19
249 11
250 15
251 68
252 3
253 63
254 63
255 4
256 43
257 15
258 2
259 31
260 37
261 20
262 16
263 66
264 25
265 35
266 67
267 41
268 54
269 62
270 28
271 31
272 10
273 47
274 35
275 66
276 1
277 47
278 48
279 39
280 20
281 21
282 33
283 58
284 43
285 16
286 12
287 31
288 74
289 65
290 7
291 7
292 25
293 27
294 71
295 0
296 23
297 0
298 15
299 37
300 49
301 54
302 68
303 62
304 8
305 4
306 70
307 33
308 31
309 12
310 15
311 58
312 62
313 65
314 38
315 54
316 14
317 18
318 68
319 28
320 11
321 21
322 6
323 1
324 26
325 54
326 33
327 6
328 51
329 58
330 12
331 57
332 71
333 77
334 25
335 33
336 39
337 20
338 54
339 12
340 62
341 63
342 69
343 53
344 7
345 30
346 7
347 29
348 73
349 74
350 40
351 28
352 37
353 64
354 55
355 73
356 64
357 35
358 14
359 22
360 27
361 65
362 45
363 52
364 26
365 31
366 51
367 6
368 34
369 24
370 48
371 73
372 17
373 23
374 4
375 56
376 66
377 64
378 24
379 49
380 60
381 48
382 4
383 60
384 16
385 15
386 50
387 69
388 28
389 14
390 45
391 38
392 48
393 7
394 27
395 77
396 49
397 19
398 12
399 33
400 18
401 50
402 14
403 2
404 20
405 21
406 5
407 45
408 18
409 36
410 34
411 50
412 53
413 72
414 58
415 54
416 28
417 34
418 64
419 50
420 40
421 32
422 38
423 70
424 17
425 15
426 54
427 32
428 75
429 26
430 9
431 62
432 53
433 21
434 59
435 3
436 75
437 36
438 9
439 32
440 78
441 34
442 36
443 5
444 70
445 49
446 23
447 39
448 44
449 5
450 42
451 70
452 8
453 10
454 39
455 60
456 22
457 61
458 66
459 24
460 20
461 3
462 33
463 3
464 15
465 2
466 23
467 26
468 46
469 15
470 62
471 39
472 31
473 35
474 13
475 21
476 35
477 78
478 21
479 11
480 28
481 1
482 3
483 78
484 25
485 26
486 10
487 26
488 34
489 48
490 36
491 44
492 49
493 75
494 22
495 40
496 6
497 60
498 67
499 57
500 10