10
100
1 47
2 51
3 51
4 8
5 70
6 30
7 67
8 69
9 61
10 5
11 42
12 8
13 35
14 69
15 34
16 42
17 28
18 9
19 23
20 51
21 39
22 58
23 8
24 64
25 74
26 70
27 60
28 3
29 75
30 75
31 18
32 68
33 71
34 66
35 72
36 52
37 25
38 65
39 46
40 38
41 72
42 69
43 60
44 44
45 45
46 4
47 40
48 66
49 71
50 54
51 46
52 49
53 17
54 23
55 39
56 58
57 23
58 74
59 30
60 7
61 65
62 8
63 42
64 30
65 56
66 50
67 37
68 47
69 41
70 42
71 76
72 63
73 40
74 28
75 62
76 28
77 9
78 34
79 13
80 8
81 20
82 61
83 75
84 44
85 35
86 0
87 68
88 66
89 21
90 8
91 3
92 46
93 74
94 13
95 36
96 9
97 18
98 23
99 4
100 64