10
100
1 19
2 27
3 56
4 72
5 8
6 58
7 37
8 65
9 24
10 34
11 27
12 0
13 75
14 5
15 3
16 54
17 44
18 0
19 76
20 54
21 32
22 64
23 64
24 50
25 46
26 46
27 10
28 21
29 8
30 51
31 26
32 70
33 53
34 51
35 66
36 37
37 11
38 77
39 77
40 25
41 51
42 57
43 4
44 12
45 48
46 64
47 27
48 24
49 20
50 27
51 6
52 70
53 61
54 69
55 30
56 37
57 65
58 69
59 25
60 27
61 6
62 74
63 57
64 26
65 8
66 6
67 51
68 19
69 64
70 28
71 71
72 55
73 59
74 40
75 36
76 76
77 75
78 50
79 12
80 52
81 42
82 15
83 40
84 49
85 6
86 26
87 4
88 77
89 68
90 34
91 46
92 21
93 49
94 30
95 71
96 28
97 36
98 56
99 71
100 55