10
100
1 23
2 26
3 37
4 1
5 45
6 18
7 59
8 47
9 47
10 48
11 61
12 49
13 5
14 20
15 15
16 12
17 11
18 7
19 57
20 73
21 6
22 43
23 17
24 8
25 23
26 34
27 13
28 39
29 27
30 16
31 64
32 64
33 9
34 48
35 54
36 15
37 9
38 14
39 26
40 37
41 62
42 1
43 39
44 39
45 6
46 33
47 66
48 22
49 26
50 23
51 16
52 15
53 32
54 9
55 41
56 49
57 64
58 3
59 21
60 10
61 10
62 73
63 73
64 49
65 6
66 48
67 17
68 35
69 17
70 1
71 60
72 6
73 27
74 67
75 46
76 55
77 35
78 5
79 24
80 64
81 61
82 34
83 26
84 29
85 10
86 8
87 20
88 13
89 3
90 77
91 25
92 62
93 74
94 9
95 28
96 25
97 59
98 33
99 5
100 58