10
100
1 74
2 15
3 1
4 50
5 29
6 2
7 18
8 46
9 74
10 54
11 5
12 57
13 5
14 55
15 77
16 31
17 54
18 40
19 34
20 78
21 30
22 76
23 27
24 13
25 62
26 25
27 30
28 28
29 52
30 35
31 49
32 7
33 4
34 65
35 78
36 51
37 34
38 9
39 24
40 57
41 2
42 70
43 58
44 56
45 67
46 70
47 43
48 61
49 74
50 4
51 52
52 58
53 69
54 66
55 59
56 20
57 24
58 61
59 73
60 57
61 53
62 67
63 63
64 28
65 70
66 54
67 71
68 69
69 40
70 22
71 32
72 62
73 26
74 18
75 22
76 56
77 15
78 68
79 48
80 32
81 60
82 35
83 78
84 37
85 68
86 37
87 59
88 38
89 41
90 31
91 78
92 7
93 9
94 62
95 45
96 32
97 57
98 68
99 17
100 54