10
100
1 34
2 27
3 39
4 62
5 33
6 73
7 35
8 18
9 35
10 21
11 39
12 73
13 5
14 28
15 11
16 40
17 39
18 67
19 65
20 9
21 26
22 16
23 18
24 74
25 37
26 71
27 66
28 69
29 32
30 16
31 43
32 68
33 63
34 24
35 52
36 60
37 4
38 8
39 36
40 20
41 34
42 78
43 7
44 16
45 61
46 39
47 72
48 45
49 12
50 62
51 48
52 25
53 9
54 2
55 5
56 60
57 22
58 45
59 23
60 64
61 45
62 78
63 8
64 37
65 78
66 23
67 35
68 57
69 69
70 39
71 3
72 77
73 42
74 18
75 56
76 53
77 14
78 0
79 36
80 42
81 66
82 7
83 55
84 74
85 45
86 10
87 23
88 37
89 77
90 12
91 8
92 3
93 62
94 28
95 29
96 0
97 3
98 70
99 22
100 56