10
100
1 4
2 47
3 11
4 32
5 63
6 5
7 60
8 1
9 26
10 47
11 26
12 26
13 64
14 34
15 67
16 71
17 7
18 25
19 58
20 34
21 9
22 6
23 28
24 62
25 49
26 63
27 64
28 46
29 46
30 40
31 65
32 48
33 59
34 21
35 41
36 57
37 11
38 67
39 15
40 68
41 74
42 77
43 76
44 1
45 7
46 25
47 31
48 75
49 46
50 36
51 38
52 36
53 76
54 24
55 8
56 12
57 6
58 1
59 5
60 72
61 77
62 0
63 68
64 10
65 66
66 1
67 76
68 77
69 22
70 12
71 22
72 65
73 7
74 38
75 33
76 12
77 30
78 64
79 72
80 6
81 59
82 71
83 53
84 66
85 74
86 59
87 73
88 60
89 57
90 58
91 22
92 15
93 22
94 47
95 13
96 20
97 32
98 57
99 36
100 21