10
100
1 25
2 45
3 40
4 55
5 66
6 62
7 26
8 59
9 33
10 74
11 2
12 1
13 20
14 6
15 32
16 20
17 10
18 10
19 9
20 2
21 13
22 9
23 19
24 62
25 13
26 49
27 29
28 58
29 19
30 3
31 53
32 32
33 60
34 25
35 46
36 29
37 16
38 46
39 10
40 47
41 41
42 49
43 26
44 51
45 48
46 50
47 51
48 19
49 31
50 19
51 37
52 59
53 37
54 34
55 26
56 11
57 38
58 50
59 13
60 7
61 72
62 78
63 66
64 62
65 13
66 24
67 46
68 62
69 46
70 35
71 38
72 63
73 54
74 7
75 72
76 17
77 38
78 30
79 52
80 27
81 55
82 77
83 64
84 8
85 48
86 43
87 0
88 66
89 13
90 78
91 3
92 68
93 31
94 43
95 9
96 64
97 62
98 42
99 58
100 77