10
100
1 61
2 30
3 27
4 2
5 52
6 34
7 5
8 9
9 60
10 38
11 13
12 37
13 70
14 18
15 18
16 16
17 50
18 46
19 48
20 46
21 28
22 61
23 45
24 59
25 3
26 78
27 72
28 15
29 36
30 59
31 23
32 6
33 32
34 42
35 17
36 11
37 46
38 21
39 43
40 26
41 35
42 53
43 0
44 73
45 4
46 58
47 28
48 17
49 44
50 66
51 58
52 35
53 64
54 56
55 5
56 56
57 32
58 33
59 0
60 10
61 1
62 10
63 48
64 54
65 8
66 29
67 24
68 67
69 57
70 30
71 69
72 37
73 25
74 28
75 12
76 16
77 41
78 17
79 22
80 52
81 42
82 0
83 31
84 0
85 54
86 2
87 69
88 9
89 71
90 44
91 45
92 27
93 52
94 66
95 56
96 19
97 16
98 38
99 13
100 55