10
100
1 46
2 27
3 63
4 0
5 54
6 37
7 29
8 49
9 33
10 47
11 76
12 4
13 6
14 54
15 74
16 76
17 1
18 48
19 64
20 9
21 28
22 10
23 36
24 41
25 10
26 20
27 56
28 23
29 30
30 69
31 28
32 42
33 51
34 45
35 78
36 28
37 12
38 73
39 17
40 37
41 17
42 38
43 15
44 20
45 22
46 50
47 67
48 27
49 5
50 76
51 16
52 26
53 65
54 8
55 75
56 38
57 18
58 31
59 51
60 42
61 59
62 43
63 34
64 24
65 13
66 71
67 21
68 74
69 4
70 14
71 44
72 62
73 42
74 77
75 15
76 0
77 59
78 55
79 16
80 78
81 16
82 31
83 25
84 22
85 13
86 5
87 54
88 20
89 38
90 58
91 37
92 74
93 56
94 68
95 40
96 40
97 74
98 43
99 29
100 25