10
100
1 64
2 29
3 27
4 50
5 12
6 59
7 14
8 32
9 64
10 17
11 65
12 24
13 61
14 20
15 53
16 14
17 51
18 27
19 15
20 38
21 11
22 43
23 4
24 38
25 25
26 50
27 20
28 14
29 15
30 49
31 56
32 2
33 73
34 34
35 42
36 22
37 64
38 61
39 3
40 14
41 63
42 16
43 51
44 12
45 75
46 23
47 33
48 45
49 24
50 61
51 24
52 29
53 4
54 67
55 63
56 19
57 18
58 17
59 38
60 72
61 22
62 76
63 8
64 64
65 1
66 53
67 16
68 9
69 65
70 44
71 25
72 74
73 39
74 32
75 66
76 48
77 72
78 5
79 44
80 35
81 64
82 12
83 55
84 50
85 6
86 67
87 28
88 22
89 32
90 36
91 16
92 62
93 68
94 4
95 19
96 31
97 78
98 61
99 25
100 57