15
250
1 75
2 2
3 17
4 63
5 59
6 77
7 56
8 70
9 69
10 62
11 23
12 20
13 19
14 46
15 24
16 34
17 26
18 55
19 1
20 68
21 28
22 2
23 57
24 31
25 66
26 61
27 35
28 54
29 13
30 26
31 44
32 60
33 63
34 6
35 71
36 63
37 39
38 18
39 24
40 34
41 35
42 63
43 18
44 68
45 71
46 49
47 32
48 71
49 27
50 17
51 1
52 3
53 62
54 76
55 61
56 58
57 40
58 38
59 73
60 56
61 52
62 71
63 19
64 24
65 18
66 67
67 41
68 24
69 75
70 29
71 9
72 57
73 5
74 65
75 6
76 73
77 55
78 50
79 73
80 28
81 36
82 22
83 2
84 57
85 1
86 67
87 68
88 41
89 65
90 15
91 71
92 76
93 70
94 59
95 31
96 60
97 60
98 47
99 24
100 60
101 49
102 48
103 74
104 47
105 60
106 71
107 10
108 58
109 66
110 33
111 76
112 46
113 69
114 52
115 33
116 76
117 10
118 56
119 16
120 36
121 12
122 52
123 9
124 60
125 55
126 27
127 12
128 4
129 26
130 73
131 6
132 54
133 12
134 77
135 40
136 2
137 39
138 29
139 61
140 50
141 75
142 42
143 41
144 16
145 42
146 13
147 42
148 55
149 60
150 53
151 2
152 35
153 12
154 13
155 14
156 43
157 36
158 63
159 70
160 32
161 64
162 71
163 27
164 33
165 34
166 21
167 67
168 45
169 59
170 39
171 74
172 54
173 77
174 26
175 59
176 27
177 32
178 17
179 57
180 36
181 73
182 70
183 30
184 15
185 41
186 34
187 75
188 37
189 26
190 34
191 15
192 18
193 42
194 64
195 35
196 17
197 77
198 37
199 24
200 51
201 71
202 28
203 9
204 35
205 57
206 47
207 23
208 6
209 24
210 0
211 42
212 64
213 9
214 51
215 3
216 12
217 46
218 7
219 5
220 2
221 54
222 76
223 64
224 6
225 56
226 70
227 44
228 8
229 5
230 19
231 33
232 12
233 66
234 72
235 43
236 18
237 57
238 72
239 15
240 11
241 9
242 61
243 69
244 66
245 44
246 11
247 13
248 67
249 38
250 3