15
250
1 20
2 22
3 23
4 44
5 61
6 44
7 19
8 33
9 22
10 46
11 17
12 15
13 30
14 42
15 50
16 46
17 38
18 63
19 68
20 21
21 72
22 22
23 69
24 57
25 13
26 8
27 45
28 24
29 50
30 1
31 53
32 42
33 50
34 17
35 70
36 19
37 52
38 45
39 5
40 53
41 71
42 70
43 48
44 71
45 73
46 64
47 15
48 24
49 32
50 10
51 30
52 42
53 12
54 46
55 1
56 42
57 69
58 46
59 13
60 64
61 27
62 23
63 8
64 51
65 21
66 3
67 34
68 66
69 25
70 26
71 61
72 42
73 32
74 58
75 41
76 58
77 66
78 68
79 54
80 41
81 75
82 52
83 3
84 74
85 43
86 23
87 32
88 59
89 66
90 18
91 0
92 68
93 74
94 13
95 73
96 36
97 30
98 14
99 61
100 1
101 43
102 21
103 76
104 39
105 78
106 43
107 15
108 62
109 64
110 13
111 29
112 31
113 63
114 33
115 70
116 39
117 41
118 74
119 67
120 18
121 54
122 73
123 53
124 46
125 73
126 1
127 8
128 47
129 2
130 66
131 48
132 44
133 62
134 52
135 12
136 73
137 5
138 68
139 71
140 55
141 44
142 28
143 6
144 58
145 43
146 11
147 60
148 46
149 40
150 11
151 38
152 53
153 57
154 6
155 16
156 49
157 47
158 28
159 45
160 2
161 53
162 16
163 56
164 18
165 7
166 7
167 45
168 2
169 9
170 5
171 45
172 28
173 73
174 49
175 53
176 61
177 0
178 14
179 3
180 38
181 8
182 64
183 31
184 2
185 44
186 27
187 5
188 51
189 14
190 24
191 15
192 63
193 9
194 52
195 43
196 16
197 6
198 12
199 20
200 75
201 36
202 51
203 32
204 6
205 33
206 16
207 78
208 71
209 58
210 18
211 15
212 2
213 11
214 25
215 78
216 46
217 64
218 48
219 67
220 34
221 73
222 28
223 36
224 5
225 63
226 78
227 56
228 19
229 51
230 17
231 71
232 54
233 35
234 63
235 14
236 28
237 24
238 67
239 59
240 51
241 57
242 26
243 5
244 58
245 7
246 18
247 11
248 31
249 65
250 69