15
250
1 64
2 24
3 42
4 17
5 76
6 55
7 72
8 35
9 16
10 6
11 1
12 53
13 65
14 40
15 47
16 11
17 63
18 29
19 49
20 68
21 23
22 43
23 48
24 46
25 18
26 40
27 74
28 17
29 64
30 31
31 41
32 32
33 18
34 1
35 12
36 53
37 67
38 29
39 33
40 1
41 56
42 30
43 19
44 13
45 75
46 64
47 65
48 20
49 32
50 30
51 23
52 28
53 51
54 1
55 54
56 29
57 31
58 52
59 31
60 56
61 27
62 35
63 23
64 41
65 60
66 39
67 12
68 61
69 56
70 4
71 8
72 59
73 48
74 5
75 18
76 77
77 32
78 12
79 27
80 48
81 61
82 78
83 15
84 48
85 4
86 13
87 38
88 2
89 37
90 48
91 30
92 9
93 20
94 45
95 66
96 1
97 1
98 11
99 43
100 32
101 52
102 9
103 49
104 33
105 37
106 41
107 24
108 17
109 43
110 3
111 33
112 70
113 46
114 31
115 52
116 63
117 49
118 5
119 71
120 70
121 18
122 24
123 14
124 59
125 68
126 63
127 0
128 50
129 29
130 61
131 22
132 48
133 31
134 46
135 26
136 75
137 0
138 17
139 45
140 70
141 48
142 3
143 20
144 1
145 15
146 5
147 20
148 35
149 22
150 14
151 42
152 38
153 26
154 38
155 41
156 37
157 73
158 31
159 22
160 23
161 45
162 28
163 23
164 29
165 62
166 25
167 32
168 78
169 29
170 1
171 75
172 39
173 73
174 61
175 36
176 51
177 30
178 66
179 49
180 19
181 78
182 73
183 48
184 69
185 65
186 71
187 74
188 66
189 8
190 60
191 50
192 74
193 50
194 1
195 78
196 53
197 8
198 22
199 10
200 76
201 10
202 1
203 21
204 44
205 0
206 64
207 71
208 39
209 78
210 22
211 6
212 51
213 42
214 66
215 19
216 34
217 66
218 30
219 70
220 33
221 50
222 17
223 65
224 10
225 26
226 60
227 7
228 48
229 26
230 38
231 71
232 77
233 56
234 42
235 45
236 25
237 17
238 40
239 61
240 54
241 17
242 31
243 7
244 61
245 29
246 60
247 48
248 36
249 69
250 57