15
250
1 18
2 68
3 44
4 6
5 21
6 17
7 77
8 13
9 41
10 26
11 9
12 22
13 53
14 22
15 18
16 57
17 6
18 1
19 41
20 7
21 28
22 33
23 71
24 33
25 14
26 61
27 20
28 2
29 11
30 48
31 36
32 8
33 48
34 34
35 49
36 11
37 18
38 41
39 52
40 15
41 16
42 26
43 8
44 56
45 37
46 63
47 45
48 39
49 58
50 39
51 60
52 37
53 36
54 35
55 28
56 41
57 71
58 16
59 55
60 56
61 3
62 44
63 60
64 30
65 69
66 7
67 50
68 78
69 39
70 60
71 21
72 29
73 4
74 34
75 9
76 62
77 17
78 13
79 4
80 2
81 60
82 71
83 72
84 76
85 38
86 19
87 44
88 62
89 77
90 36
91 49
92 27
93 23
94 32
95 30
96 38
97 39
98 64
99 41
100 42
101 39
102 44
103 30
104 25
105 71
106 61
107 44
108 14
109 52
110 17
111 51
112 15
113 21
114 53
115 53
116 51
117 37
118 35
119 77
120 52
121 2
122 12
123 68
124 54
125 30
126 41
127 45
128 13
129 20
130 38
131 74
132 68
133 75
134 24
135 59
136 35
137 31
138 6
139 13
140 42
141 4
142 40
143 40
144 14
145 64
146 8
147 15
148 51
149 69
150 50
151 8
152 9
153 76
154 6
155 66
156 28
157 39
158 53
159 35
160 62
161 24
162 73
163 20
164 39
165 37
166 7
167 61
168 27
169 31
170 73
171 62
172 3
173 53
174 70
175 44
176 46
177 29
178 68
179 44
180 40
181 57
182 0
183 4
184 23
185 73
186 11
187 45
188 50
189 71
190 34
191 66
192 23
193 68
194 6
195 12
196 65
197 71
198 18
199 72
200 51
201 44
202 67
203 30
204 19
205 19
206 5
207 58
208 52
209 29
210 22
211 28
212 23
213 25
214 34
215 72
216 6
217 25
218 52
219 39
220 15
221 29
222 70
223 70
224 20
225 19
226 21
227 66
228 63
229 30
230 49
231 3
232 33
233 52
234 73
235 9
236 36
237 19
238 44
239 59
240 11
241 10
242 71
243 53
244 75
245 62
246 37
247 40
248 72
249 31
250 14