15
250
1 30
2 11
3 53
4 28
5 19
6 66
7 33
8 25
9 46
10 50
11 65
12 30
13 16
14 50
15 8
16 13
17 52
18 41
19 14
20 57
21 56
22 28
23 73
24 42
25 10
26 55
27 51
28 13
29 39
30 37
31 24
32 55
33 29
34 8
35 48
36 37
37 5
38 11
39 40
40 33
41 25
42 51
43 61
44 46
45 39
46 63
47 36
48 32
49 18
50 0
51 57
52 24
53 28
54 65
55 55
56 73
57 77
58 73
59 77
60 35
61 7
62 73
63 57
64 25
65 20
66 67
67 22
68 50
69 52
70 22
71 71
72 51
73 6
74 10
75 54
76 41
77 16
78 42
79 51
80 26
81 38
82 31
83 70
84 0
85 33
86 16
87 25
88 69
89 55
90 60
91 27
92 13
93 11
94 2
95 11
96 25
97 48
98 23
99 7
100 73
101 33
102 29
103 9
104 11
105 8
106 49
107 19
108 58
109 36
110 29
111 5
112 7
113 46
114 77
115 75
116 58
117 54
118 14
119 47
120 19
121 8
122 64
123 62
124 57
125 27
126 39
127 2
128 19
129 31
130 62
131 35
132 16
133 17
134 49
135 49
136 77
137 50
138 64
139 51
140 11
141 67
142 42
143 36
144 52
145 26
146 47
147 64
148 55
149 26
150 15
151 12
152 36
153 44
154 34
155 72
156 22
157 52
158 56
159 56
160 59
161 32
162 2
163 27
164 46
165 69
166 10
167 77
168 46
169 77
170 41
171 66
172 50
173 48
174 14
175 53
176 72
177 66
178 56
179 45
180 39
181 65
182 38
183 7
184 13
185 61
186 67
187 41
188 56
189 46
190 37
191 52
192 10
193 7
194 67
195 41
196 46
197 69
198 48
199 13
200 13
201 38
202 64
203 71
204 38
205 62
206 31
207 67
208 73
209 17
210 4
211 49
212 61
213 22
214 53
215 37
216 40
217 59
218 47
219 48
220 62
221 57
222 42
223 72
224 34
225 23
226 33
227 67
228 25
229 62
230 63
231 62
232 56
233 78
234 19
235 71
236 61
237 67
238 66
239 75
240 27
241 51
242 66
243 39
244 13
245 69
246 25
247 65
248 13
249 64
250 61