15
250
1 8
2 70
3 60
4 8
5 33
6 52
7 40
8 46
9 63
10 78
11 6
12 6
13 14
14 45
15 53
16 63
17 59
18 25
19 7
20 9
21 55
22 40
23 22
24 43
25 27
26 11
27 37
28 10
29 71
30 16
31 54
32 65
33 3
34 7
35 31
36 50
37 18
38 58
39 61
40 34
41 16
42 56
43 64
44 39
45 16
46 70
47 36
48 74
49 6
50 51
51 37
52 9
53 22
54 69
55 64
56 50
57 9
58 58
59 63
60 64
61 35
62 23
63 10
64 1
65 28
66 43
67 65
68 58
69 43
70 77
71 28
72 58
73 0
74 48
75 1
76 68
77 71
78 12
79 38
80 30
81 53
82 19
83 22
84 75
85 33
86 21
87 57
88 26
89 43
90 4
91 70
92 20
93 63
94 17
95 64
96 76
97 44
98 73
99 35
100 8
101 54
102 24
103 58
104 77
105 10
106 56
107 9
108 70
109 17
110 1
111 61
112 17
113 60
114 4
115 69
116 29
117 29
118 32
119 32
120 72
121 20
122 25
123 28
124 39
125 76
126 70
127 51
128 44
129 74
130 46
131 26
132 56
133 26
134 10
135 29
136 36
137 3
138 21
139 3
140 25
141 41
142 37
143 54
144 43
145 2
146 7
147 38
148 4
149 45
150 65
151 9
152 74
153 36
154 32
155 47
156 64
157 24
158 69
159 45
160 69
161 73
162 0
163 57
164 61
165 7
166 25
167 56
168 5
169 69
170 76
171 44
172 43
173 59
174 13
175 60
176 57
177 51
178 34
179 36
180 36
181 78
182 74
183 45
184 10
185 71
186 56
187 38
188 40
189 74
190 74
191 30
192 44
193 23
194 68
195 52
196 2
197 65
198 51
199 48
200 65
201 26
202 8
203 37
204 41
205 48
206 58
207 45
208 44
209 57
210 74
211 16
212 25
213 15
214 41
215 23
216 44
217 8
218 27
219 4
220 8
221 33
222 0
223 1
224 51
225 53
226 8
227 62
228 13
229 27
230 49
231 58
232 63
233 76
234 42
235 69
236 8
237 32
238 3
239 35
240 76
241 29
242 35
243 50
244 51
245 49
246 35
247 7
248 67
249 75
250 59