15
250
1 42
2 13
3 20
4 4
5 35
6 78
7 30
8 69
9 4
10 34
11 27
12 76
13 66
14 46
15 43
16 69
17 33
18 73
19 64
20 30
21 25
22 68
23 10
24 10
25 29
26 52
27 35
28 42
29 22
30 14
31 29
32 45
33 58
34 78
35 75
36 51
37 57
38 68
39 57
40 40
41 70
42 9
43 76
44 26
45 29
46 66
47 39
48 28
49 32
50 29
51 53
52 32
53 24
54 22
55 49
56 32
57 26
58 41
59 48
60 45
61 42
62 35
63 9
64 67
65 37
66 45
67 24
68 5
69 72
70 2
71 43
72 63
73 66
74 68
75 43
76 23
77 11
78 14
79 48
80 69
81 66
82 50
83 35
84 24
85 15
86 16
87 55
88 46
89 33
90 72
91 66
92 42
93 52
94 78
95 9
96 31
97 40
98 4
99 63
100 14
101 20
102 42
103 18
104 20
105 45
106 26
107 44
108 32
109 76
110 13
111 68
112 4
113 74
114 40
115 15
116 50
117 61
118 58
119 15
120 37
121 36
122 68
123 45
124 55
125 2
126 30
127 10
128 56
129 41
130 20
131 13
132 28
133 44
134 26
135 44
136 72
137 31
138 32
139 51
140 35
141 61
142 64
143 69
144 67
145 71
146 42
147 21
148 46
149 23
150 34
151 65
152 32
153 20
154 71
155 58
156 63
157 42
158 68
159 62
160 6
161 1
162 35
163 35
164 67
165 37
166 73
167 18
168 53
169 77
170 21
171 15
172 73
173 67
174 14
175 57
176 51
177 39
178 1
179 31
180 76
181 52
182 7
183 67
184 14
185 4
186 2
187 24
188 48
189 73
190 52
191 74
192 74
193 48
194 27
195 26
196 46
197 61
198 65
199 8
200 60
201 14
202 68
203 27
204 3
205 35
206 15
207 15
208 0
209 36
210 15
211 44
212 73
213 11
214 77
215 18
216 66
217 22
218 46
219 67
220 47
221 66
222 31
223 26
224 8
225 32
226 34
227 28
228 20
229 49
230 6
231 62
232 20
233 60
234 21
235 45
236 1
237 2
238 36
239 41
240 8
241 74
242 27
243 40
244 70
245 12
246 29
247 67
248 58
249 19
250 50