15
250
1 33
2 32
3 29
4 43
5 29
6 22
7 14
8 78
9 53
10 17
11 6
12 31
13 65
14 46
15 32
16 45
17 21
18 29
19 28
20 21
21 73
22 50
23 49
24 31
25 55
26 50
27 44
28 19
29 74
30 39
31 6
32 6
33 15
34 9
35 13
36 33
37 67
38 66
39 41
40 14
41 59
42 58
43 67
44 45
45 6
46 65
47 52
48 48
49 23
50 35
51 28
52 46
53 47
54 78
55 41
56 6
57 56
58 58
59 30
60 23
61 19
62 71
63 59
64 25
65 47
66 0
67 18
68 23
69 25
70 71
71 14
72 23
73 9
74 0
75 60
76 5
77 32
78 70
79 47
80 77
81 42
82 19
83 26
84 7
85 78
86 8
87 14
88 12
89 14
90 0
91 41
92 32
93 76
94 55
95 7
96 20
97 19
98 77
99 43
100 49
101 14
102 21
103 25
104 63
105 66
106 27
107 74
108 31
109 76
110 13
111 45
112 65
113 64
114 54
115 27
116 6
117 60
118 70
119 0
120 39
121 61
122 63
123 49
124 13
125 39
126 53
127 60
128 77
129 6
130 57
131 33
132 44
133 61
134 50
135 8
136 39
137 25
138 0
139 25
140 59
141 53
142 24
143 76
144 18
145 42
146 14
147 44
148 35
149 34
150 27
151 47
152 34
153 43
154 44
155 54
156 0
157 21
158 45
159 24
160 11
161 29
162 57
163 33
164 43
165 46
166 50
167 61
168 27
169 27
170 25
171 21
172 71
173 39
174 43
175 15
176 36
177 56
178 19
179 13
180 46
181 46
182 13
183 10
184 77
185 51
186 48
187 43
188 6
189 10
190 27
191 71
192 33
193 78
194 4
195 47
196 17
197 27
198 0
199 23
200 31
201 55
202 69
203 61
204 17
205 71
206 21
207 47
208 3
209 21
210 64
211 12
212 37
213 44
214 30
215 32
216 37
217 30
218 65
219 64
220 25
221 33
222 58
223 17
224 25
225 43
226 64
227 9
228 23
229 31
230 59
231 63
232 64
233 69
234 71
235 10
236 67
237 61
238 12
239 31
240 22
241 15
242 0
243 74
244 57
245 49
246 20
247 9
248 22
249 34
250 9