15
250
1 66
2 26
3 27
4 63
5 29
6 29
7 73
8 15
9 24
10 67
11 37
12 30
13 25
14 27
15 45
16 32
17 76
18 34
19 44
20 71
21 7
22 31
23 59
24 29
25 40
26 67
27 5
28 36
29 24
30 7
31 11
32 10
33 60
34 68
35 39
36 63
37 69
38 77
39 77
40 1
41 0
42 59
43 46
44 73
45 59
46 23
47 33
48 60
49 37
50 3
51 39
52 46
53 13
54 6
55 69
56 16
57 10
58 62
59 35
60 21
61 50
62 16
63 34
64 63
65 43
66 54
67 70
68 63
69 28
70 72
71 35
72 25
73 64
74 36
75 30
76 11
77 21
78 21
79 77
80 33
81 7
82 48
83 1
84 45
85 24
86 40
87 18
88 22
89 20
90 48
91 31
92 5
93 34
94 44
95 25
96 43
97 75
98 0
99 10
100 40
101 32
102 41
103 41
104 24
105 20
106 14
107 47
108 32
109 68
110 74
111 35
112 41
113 30
114 42
115 68
116 60
117 74
118 21
119 22
120 66
121 26
122 68
123 20
124 5
125 21
126 9
127 64
128 43
129 26
130 77
131 76
132 40
133 53
134 27
135 64
136 54
137 4
138 54
139 65
140 1
141 66
142 12
143 44
144 18
145 58
146 20
147 67
148 60
149 31
150 39
151 42
152 3
153 54
154 76
155 52
156 69
157 29
158 61
159 34
160 22
161 24
162 77
163 26
164 5
165 17
166 55
167 48
168 6
169 9
170 15
171 3
172 36
173 31
174 37
175 65
176 70
177 44
178 47
179 34
180 34
181 16
182 10
183 33
184 43
185 70
186 63
187 38
188 40
189 58
190 21
191 61
192 77
193 14
194 35
195 6
196 64
197 57
198 69
199 60
200 43
201 51
202 1
203 21
204 23
205 40
206 21
207 37
208 54
209 11
210 75
211 45
212 12
213 17
214 32
215 67
216 40
217 21
218 43
219 52
220 7
221 73
222 5
223 23
224 14
225 36
226 75
227 67
228 43
229 40
230 24
231 69
232 64
233 54
234 62
235 72
236 50
237 40
238 73
239 1
240 38
241 0
242 20
243 68
244 0
245 13
246 0
247 35
248 18
249 9
250 43