15
250
1 56
2 38
3 64
4 27
5 28
6 20
7 25
8 17
9 63
10 56
11 62
12 61
13 31
14 74
15 35
16 34
17 18
18 35
19 71
20 75
21 9
22 13
23 73
24 42
25 74
26 65
27 75
28 24
29 45
30 13
31 64
32 25
33 5
34 42
35 7
36 41
37 47
38 10
39 31
40 64
41 14
42 29
43 20
44 6
45 75
46 8
47 30
48 63
49 71
50 59
51 64
52 0
53 78
54 20
55 54
56 64
57 42
58 0
59 31
60 58
61 3
62 70
63 53
64 49
65 19
66 18
67 57
68 3
69 50
70 15
71 70
72 37
73 5
74 8
75 65
76 34
77 75
78 75
79 35
80 48
81 76
82 15
83 18
84 28
85 28
86 43
87 12
88 17
89 55
90 24
91 63
92 63
93 67
94 31
95 53
96 40
97 67
98 58
99 32
100 60
101 14
102 21
103 7
104 13
105 60
106 60
107 29
108 25
109 30
110 30
111 76
112 71
113 36
114 77
115 26
116 41
117 2
118 43
119 14
120 0
121 71
122 28
123 13
124 45
125 13
126 49
127 3
128 70
129 72
130 11
131 43
132 31
133 44
134 3
135 6
136 66
137 18
138 68
139 45
140 8
141 50
142 26
143 71
144 11
145 42
146 60
147 60
148 69
149 35
150 27
151 26
152 8
153 24
154 61
155 73
156 43
157 72
158 16
159 43
160 33
161 6
162 28
163 9
164 40
165 32
166 34
167 7
168 45
169 12
170 28
171 71
172 16
173 48
174 24
175 8
176 50
177 78
178 38
179 4
180 55
181 39
182 42
183 77
184 36
185 67
186 38
187 30
188 31
189 50
190 68
191 54
192 35
193 60
194 19
195 44
196 28
197 17
198 74
199 68
200 8
201 10
202 16
203 77
204 49
205 78
206 55
207 76
208 13
209 33
210 16
211 76
212 22
213 46
214 23
215 47
216 31
217 63
218 25
219 72
220 63
221 59
222 15
223 42
224 71
225 60
226 33
227 60
228 72
229 15
230 78
231 58
232 30
233 24
234 42
235 7
236 11
237 45
238 1
239 39
240 9
241 64
242 31
243 19
244 9
245 65
246 0
247 46
248 40
249 18
250 67