22
500
1 70
2 27
3 29
4 45
5 53
6 40
7 11
8 64
9 59
10 20
11 47
12 76
13 3
14 29
15 3
16 27
17 43
18 28
19 41
20 19
21 2
22 26
23 78
24 35
25 62
26 56
27 13
28 22
29 60
30 62
31 41
32 71
33 68
34 1
35 17
36 71
37 24
38 45
39 39
40 58
41 25
42 53
43 44
44 12
45 10
46 78
47 24
48 31
49 35
50 47
51 57
52 44
53 73
54 47
55 0
56 69
57 28
58 40
59 75
60 69
61 11
62 28
63 55
64 76
65 23
66 24
67 39
68 13
69 25
70 58
71 58
72 24
73 76
74 47
75 20
76 1
77 40
78 68
79 57
80 57
81 22
82 34
83 5
84 8
85 54
86 54
87 24
88 63
89 60
90 78
91 64
92 61
93 74
94 14
95 8
96 75
97 2
98 13
99 5
100 67
101 64
102 13
103 56
104 13
105 61
106 19
107 23
108 71
109 23
110 61
111 25
112 0
113 25
114 40
115 54
116 75
117 45
118 44
119 21
120 11
121 7
122 32
123 64
124 28
125 35
126 8
127 64
128 6
129 64
130 22
131 49
132 35
133 27
134 61
135 41
136 54
137 65
138 43
139 39
140 30
141 32
142 17
143 34
144 4
145 8
146 19
147 29
148 10
149 46
150 34
151 53
152 8
153 3
154 36
155 25
156 64
157 37
158 63
159 31
160 26
161 9
162 44
163 74
164 55
165 62
166 21
167 16
168 38
169 15
170 7
171 22
172 66
173 17
174 78
175 17
176 0
177 75
178 51
179 64
180 9
181 71
182 1
183 43
184 19
185 75
186 38
187 1
188 45
189 38
190 12
191 36
192 61
193 8
194 23
195 25
196 11
197 75
198 72
199 11
200 41
201 77
202 66
203 39
204 72
205 41
206 53
207 32
208 51
209 72
210 60
211 67
212 67
213 7
214 67
215 35
216 75
217 14
218 49
219 61
220 64
221 34
222 68
223 43
224 42
225 3
226 64
227 28
228 31
229 64
230 63
231 21
232 13
233 36
234 77
235 11
236 70
237 23
238 22
239 24
240 21
241 61
242 67
243 23
244 27
245 57
246 47
247 34
248 11
249 12
250 61
251 48
252 70
253 35
254 61
255 51
256 17
257 41
258 11
259 74
260 74
261 56
262 38
263 34
264 64
265 39
266 43
267 54
268 39
269 66
270 64
271 59
272 0
273 6
274 2
275 44
276 12
277 58
278 52
279 6
280 68
281 57
282 46
283 59
284 63
285 12
286 70
287 56
288 2
289 51
290 16
291 76
292 39
293 58
294 46
295 30
296 28
297 8
298 34
299 55
300 13
301 26
302 39
303 50
304 66
305 41
306 44
307 72
308 33
309 16
310 44
311 13
312 60
313 69
314 41
315 33
316 75
317 5
318 5
319 71
320 68
321 40
322 7
323 23
324 36
325 52
326 21
327 17
328 32
329 26
330 10
331 65
332 20
333 37
334 37
335 27
336 76
337 66
338 58
339 27
340 6
341 67
342 20
343 12
344 74
345 54
346 65
347 22
348 29
349 11
350 58
351 68
352 34
353 56
354 26
355 46
356 70
357 70
358 33
359 61
360 74
361 75
362 61
363 68
364 34
365 68
366 28
367 64
368 31
369 74
370 54
371 24
372 36
373 75
374 44
375 67
376 52
377 59
378 9
379 4
380 54
381 32
382 23
383 2
384 43
385 13
386 11
387 44
388 72
389 14
390 44
391 7
392 43
393 3
394 49
395 6
396 75
397 16
398 22
399 40
400 77
401 7
402 66
403 12
404 40
405 30
406 34
407 57
408 39
409 62
410 57
411 15
412 8
413 42
414 62
415 78
416 14
417 23
418 64
419 8
420 52
421 39
422 29
423 50
424 9
425 35
426 0
427 40
428 14
429 59
430 64
431 51
432 40
433 1
434 15
435 10
436 68
437 27
438 37
439 48
440 26
441 33
442 78
443 38
444 6
445 4
446 57
447 18
448 38
449 62
450 65
451 54
452 27
453 31
454 74
455 13
456 14
457 46
458 52
459 36
460 59
461 20
462 59
463 53
464 36
465 7
466 30
467 65
468 71
469 16
470 73
471 30
472 34
473 26
474 39
475 38
476 11
477 56
478 68
479 38
480 32
481 7
482 16
483 9
484 72
485 65
486 77
487 43
488 22
489 14
490 18
491 35
492 5
493 13
494 55
495 55
496 4
497 12
498 28
499 21
500 15