22
500
1 4
2 76
3 19
4 53
5 51
6 7
7 58
8 72
9 9
10 68
11 5
12 74
13 42
14 19
15 2
16 7
17 57
18 22
19 31
20 68
21 69
22 69
23 47
24 35
25 68
26 68
27 77
28 67
29 53
30 42
31 77
32 24
33 46
34 19
35 74
36 33
37 46
38 47
39 41
40 48
41 18
42 47
43 56
44 52
45 32
46 13
47 28
48 48
49 73
50 59
51 30
52 7
53 62
54 30
55 27
56 12
57 45
58 52
59 26
60 68
61 43
62 61
63 36
64 51
65 5
66 60
67 65
68 15
69 50
70 21
71 45
72 26
73 13
74 6
75 59
76 71
77 37
78 73
79 53
80 48
81 10
82 73
83 47
84 76
85 35
86 62
87 21
88 24
89 71
90 66
91 14
92 33
93 59
94 74
95 6
96 51
97 31
98 65
99 56
100 34
101 38
102 37
103 62
104 20
105 58
106 20
107 53
108 40
109 22
110 64
111 7
112 44
113 13
114 24
115 73
116 58
117 35
118 78
119 27
120 29
121 7
122 16
123 27
124 64
125 8
126 31
127 6
128 68
129 43
130 76
131 16
132 14
133 50
134 71
135 38
136 56
137 8
138 61
139 44
140 61
141 16
142 51
143 78
144 57
145 58
146 45
147 55
148 70
149 56
150 15
151 27
152 68
153 30
154 29
155 18
156 60
157 30
158 40
159 76
160 48
161 49
162 18
163 56
164 17
165 1
166 61
167 7
168 39
169 51
170 54
171 54
172 58
173 49
174 18
175 32
176 77
177 19
178 8
179 48
180 37
181 13
182 62
183 37
184 69
185 28
186 47
187 50
188 32
189 28
190 42
191 59
192 51
193 74
194 12
195 75
196 30
197 74
198 62
199 51
200 69
201 52
202 32
203 26
204 11
205 20
206 25
207 0
208 62
209 9
210 17
211 65
212 27
213 16
214 38
215 33
216 23
217 22
218 28
219 76
220 67
221 61
222 30
223 24
224 11
225 15
226 32
227 4
228 69
229 48
230 45
231 66
232 54
233 47
234 64
235 58
236 61
237 8
238 24
239 0
240 61
241 38
242 56
243 22
244 31
245 12
246 78
247 75
248 4
249 54
250 68
251 13
252 70
253 62
254 39
255 45
256 63
257 52
258 12
259 61
260 67
261 43
262 43
263 62
264 39
265 45
266 76
267 71
268 57
269 4
270 7
271 63
272 2
273 74
274 74
275 78
276 57
277 24
278 5
279 19
280 42
281 45
282 54
283 22
284 69
285 77
286 65
287 69
288 69
289 17
290 57
291 58
292 42
293 23
294 67
295 38
296 61
297 75
298 22
299 55
300 50
301 17
302 73
303 66
304 74
305 58
306 14
307 27
308 13
309 30
310 5
311 70
312 72
313 23
314 1
315 9
316 27
317 0
318 3
319 75
320 68
321 27
322 74
323 74
324 69
325 44
326 61
327 74
328 12
329 60
330 61
331 31
332 71
333 33
334 68
335 53
336 21
337 30
338 14
339 67
340 67
341 19
342 59
343 0
344 50
345 60
346 43
347 48
348 61
349 49
350 48
351 69
352 17
353 78
354 21
355 16
356 1
357 24
358 38
359 41
360 38
361 20
362 32
363 35
364 71
365 44
366 61
367 63
368 49
369 27
370 69
371 8
372 10
373 26
374 17
375 55
376 20
377 35
378 13
379 17
380 71
381 35
382 66
383 28
384 62
385 6
386 35
387 0
388 24
389 30
390 6
391 29
392 61
393 69
394 3
395 41
396 12
397 13
398 47
399 1
400 38
401 58
402 24
403 76
404 76
405 9
406 4
407 56
408 29
409 2
410 70
411 75
412 35
413 68
414 51
415 42
416 32
417 13
418 49
419 50
420 50
421 58
422 61
423 19
424 27
425 29
426 23
427 56
428 60
429 26
430 24
431 7
432 59
433 46
434 4
435 28
436 55
437 53
438 72
439 74
440 41
441 74
442 68
443 46
444 51
445 54
446 48
447 39
448 34
449 34
450 9
451 66
452 0
453 1
454 14
455 9
456 53
457 69
458 62
459 63
460 17
461 73
462 31
463 31
464 32
465 22
466 12
467 6
468 28
469 46
470 67
471 9
472 74
473 33
474 4
475 59
476 21
477 48
478 46
479 78
480 57
481 43
482 12
483 4
484 75
485 30
486 56
487 60
488 38
489 59
490 18
491 52
492 11
493 19
494 67
495 36
496 56
497 28
498 70
499 31
500 37