22
500
1 18
2 44
3 66
4 62
5 20
6 33
7 29
8 41
9 6
10 20
11 0
12 69
13 25
14 78
15 27
16 36
17 31
18 59
19 49
20 32
21 38
22 52
23 67
24 66
25 24
26 35
27 18
28 47
29 27
30 20
31 44
32 57
33 27
34 58
35 20
36 27
37 59
38 74
39 70
40 32
41 41
42 28
43 27
44 24
45 9
46 18
47 22
48 8
49 57
50 71
51 64
52 31
53 71
54 8
55 5
56 72
57 22
58 0
59 48
60 41
61 51
62 29
63 72
64 45
65 34
66 9
67 35
68 76
69 28
70 47
71 8
72 72
73 63
74 55
75 39
76 17
77 19
78 8
79 65
80 18
81 69
82 35
83 16
84 74
85 71
86 57
87 39
88 40
89 45
90 66
91 43
92 45
93 42
94 18
95 20
96 60
97 0
98 36
99 63
100 0
101 63
102 34
103 72
104 50
105 47
106 36
107 29
108 57
109 8
110 64
111 72
112 9
113 46
114 44
115 4
116 39
117 43
118 59
119 28
120 73
121 17
122 72
123 64
124 10
125 75
126 60
127 58
128 14
129 49
130 73
131 66
132 50
133 48
134 64
135 34
136 48
137 66
138 58
139 62
140 46
141 68
142 6
143 4
144 71
145 6
146 36
147 17
148 43
149 71
150 53
151 18
152 2
153 77
154 16
155 19
156 12
157 58
158 47
159 34
160 66
161 50
162 36
163 2
164 34
165 60
166 15
167 19
168 14
169 62
170 48
171 64
172 7
173 38
174 64
175 73
176 21
177 72
178 17
179 2
180 7
181 55
182 37
183 18
184 63
185 33
186 45
187 2
188 19
189 14
190 21
191 49
192 71
193 22
194 56
195 22
196 41
197 18
198 1
199 25
200 2
201 31
202 65
203 2
204 74
205 38
206 18
207 29
208 37
209 52
210 66
211 37
212 51
213 52
214 8
215 76
216 77
217 67
218 47
219 69
220 28
221 8
222 0
223 19
224 20
225 24
226 42
227 57
228 23
229 49
230 72
231 48
232 30
233 68
234 38
235 45
236 26
237 50
238 19
239 62
240 65
241 26
242 14
243 72
244 28
245 27
246 17
247 36
248 27
249 41
250 63
251 73
252 9
253 61
254 64
255 68
256 26
257 9
258 25
259 78
260 69
261 11
262 58
263 43
264 15
265 65
266 5
267 58
268 72
269 0
270 6
271 57
272 71
273 42
274 45
275 54
276 65
277 62
278 12
279 57
280 28
281 33
282 40
283 45
284 3
285 9
286 77
287 76
288 37
289 46
290 7
291 36
292 15
293 38
294 12
295 62
296 14
297 60
298 66
299 69
300 61
301 75
302 26
303 16
304 28
305 2
306 68
307 57
308 16
309 9
310 47
311 24
312 2
313 3
314 38
315 33
316 48
317 10
318 61
319 68
320 20
321 32
322 18
323 10
324 75
325 8
326 26
327 3
328 4
329 43
330 77
331 0
332 47
333 15
334 28
335 38
336 0
337 4
338 8
339 60
340 63
341 8
342 29
343 57
344 26
345 7
346 31
347 46
348 29
349 30
350 42
351 16
352 69
353 33
354 54
355 59
356 6
357 66
358 40
359 57
360 78
361 64
362 74
363 36
364 57
365 63
366 68
367 36
368 53
369 29
370 45
371 21
372 74
373 34
374 76
375 21
376 78
377 23
378 70
379 0
380 2
381 75
382 59
383 10
384 22
385 54
386 76
387 29
388 47
389 4
390 75
391 17
392 57
393 55
394 16
395 66
396 16
397 49
398 40
399 35
400 8
401 6
402 37
403 28
404 11
405 76
406 48
407 25
408 23
409 51
410 61
411 65
412 26
413 12
414 16
415 2
416 31
417 78
418 30
419 17
420 29
421 3
422 68
423 21
424 62
425 17
426 40
427 44
428 56
429 12
430 4
431 48
432 1
433 11
434 31
435 46
436 67
437 71
438 41
439 34
440 16
441 32
442 54
443 61
444 19
445 48
446 61
447 21
448 76
449 67
450 12
451 48
452 72
453 58
454 78
455 36
456 20
457 12
458 71
459 5
460 30
461 3
462 62
463 51
464 18
465 8
466 48
467 62
468 52
469 11
470 76
471 67
472 10
473 8
474 32
475 53
476 38
477 26
478 36
479 66
480 71
481 53
482 21
483 78
484 6
485 12
486 6
487 32
488 47
489 38
490 73
491 36
492 20
493 22
494 70
495 10
496 6
497 74
498 1
499 29
500 56