22
500
1 30
2 60
3 71
4 45
5 51
6 17
7 18
8 78
9 41
10 38
11 51
12 52
13 73
14 16
15 9
16 37
17 27
18 24
19 22
20 31
21 4
22 60
23 45
24 76
25 60
26 39
27 76
28 72
29 26
30 39
31 31
32 6
33 62
34 57
35 61
36 47
37 63
38 63
39 49
40 46
41 10
42 54
43 52
44 68
45 63
46 78
47 53
48 21
49 8
50 36
51 4
52 43
53 43
54 74
55 29
56 24
57 0
58 16
59 0
60 73
61 0
62 10
63 73
64 58
65 8
66 27
67 23
68 21
69 43
70 6
71 50
72 20
73 64
74 62
75 33
76 35
77 26
78 44
79 59
80 70
81 78
82 62
83 15
84 26
85 72
86 43
87 70
88 7
89 19
90 65
91 39
92 27
93 34
94 30
95 61
96 53
97 14
98 35
99 27
100 10
101 3
102 53
103 68
104 16
105 58
106 9
107 18
108 30
109 23
110 2
111 16
112 9
113 50
114 77
115 11
116 4
117 74
118 77
119 68
120 56
121 52
122 67
123 58
124 78
125 56
126 40
127 28
128 53
129 63
130 47
131 51
132 77
133 32
134 69
135 57
136 66
137 32
138 74
139 35
140 15
141 33
142 35
143 54
144 54
145 3
146 13
147 21
148 36
149 71
150 26
151 74
152 54
153 45
154 44
155 5
156 51
157 64
158 39
159 52
160 74
161 71
162 3
163 24
164 53
165 6
166 35
167 66
168 57
169 14
170 68
171 44
172 59
173 67
174 71
175 69
176 43
177 17
178 38
179 58
180 13
181 7
182 58
183 53
184 73
185 66
186 21
187 53
188 70
189 56
190 5
191 58
192 6
193 56
194 77
195 19
196 23
197 26
198 52
199 49
200 78
201 32
202 44
203 43
204 30
205 69
206 1
207 69
208 42
209 19
210 13
211 54
212 20
213 4
214 55
215 27
216 72
217 24
218 16
219 64
220 69
221 3
222 71
223 76
224 68
225 52
226 27
227 33
228 28
229 0
230 23
231 72
232 8
233 7
234 35
235 73
236 1
237 11
238 35
239 37
240 4
241 21
242 52
243 29
244 10
245 12
246 54
247 23
248 18
249 1
250 14
251 53
252 18
253 42
254 69
255 9
256 52
257 64
258 3
259 58
260 64
261 71
262 47
263 64
264 7
265 71
266 70
267 21
268 76
269 68
270 63
271 31
272 46
273 40
274 71
275 6
276 19
277 65
278 72
279 0
280 30
281 67
282 9
283 23
284 77
285 63
286 32
287 50
288 75
289 33
290 43
291 38
292 0
293 51
294 25
295 52
296 73
297 42
298 3
299 12
300 3
301 25
302 59
303 43
304 74
305 19
306 30
307 26
308 3
309 60
310 69
311 36
312 67
313 34
314 23
315 8
316 40
317 68
318 30
319 78
320 7
321 4
322 53
323 21
324 31
325 4
326 60
327 60
328 4
329 35
330 29
331 77
332 3
333 3
334 2
335 3
336 68
337 62
338 11
339 11
340 39
341 62
342 19
343 27
344 52
345 53
346 17
347 8
348 78
349 68
350 13
351 11
352 41
353 38
354 31
355 19
356 5
357 23
358 11
359 32
360 58
361 60
362 48
363 14
364 68
365 74
366 71
367 62
368 10
369 43
370 59
371 7
372 63
373 12
374 9
375 16
376 76
377 15
378 41
379 51
380 11
381 1
382 67
383 76
384 30
385 3
386 58
387 4
388 76
389 4
390 3
391 16
392 70
393 58
394 8
395 39
396 27
397 20
398 41
399 56
400 60
401 44
402 49
403 61
404 32
405 20
406 12
407 52
408 15
409 28
410 11
411 35
412 26
413 9
414 33
415 9
416 60
417 74
418 43
419 41
420 47
421 32
422 0
423 62
424 47
425 46
426 5
427 40
428 21
429 37
430 6
431 76
432 64
433 47
434 4
435 40
436 63
437 56
438 48
439 74
440 55
441 31
442 65
443 23
444 71
445 3
446 77
447 64
448 62
449 18
450 71
451 46
452 69
453 53
454 39
455 72
456 53
457 27
458 62
459 65
460 5
461 68
462 45
463 45
464 8
465 26
466 31
467 32
468 73
469 47
470 69
471 72
472 34
473 63
474 78
475 58
476 57
477 7
478 39
479 64
480 76
481 58
482 56
483 17
484 29
485 30
486 17
487 75
488 62
489 29
490 75
491 37
492 7
493 11
494 75
495 67
496 78
497 62
498 29
499 41
500 66