22
500
1 71
2 74
3 64
4 45
5 60
6 44
7 55
8 15
9 17
10 26
11 70
12 35
13 51
14 47
15 3
16 49
17 59
18 45
19 71
20 3
21 41
22 28
23 35
24 2
25 13
26 36
27 31
28 72
29 71
30 77
31 46
32 59
33 37
34 9
35 76
36 14
37 40
38 65
39 62
40 4
41 22
42 11
43 28
44 45
45 1
46 24
47 19
48 73
49 59
50 6
51 27
52 65
53 70
54 12
55 31
56 64
57 28
58 19
59 35
60 56
61 66
62 53
63 37
64 20
65 14
66 77
67 43
68 33
69 31
70 17
71 27
72 43
73 5
74 3
75 28
76 27
77 3
78 52
79 32
80 23
81 43
82 24
83 78
84 10
85 55
86 43
87 76
88 74
89 41
90 43
91 41
92 57
93 56
94 6
95 30
96 46
97 51
98 39
99 26
100 67
101 5
102 55
103 5
104 41
105 4
106 22
107 74
108 32
109 29
110 20
111 13
112 40
113 42
114 76
115 51
116 35
117 10
118 33
119 51
120 21
121 73
122 56
123 48
124 32
125 61
126 52
127 20
128 38
129 3
130 57
131 7
132 75
133 34
134 51
135 33
136 8
137 69
138 50
139 43
140 43
141 45
142 3
143 71
144 0
145 58
146 36
147 13
148 21
149 3
150 75
151 17
152 45
153 17
154 47
155 48
156 41
157 25
158 62
159 33
160 31
161 67
162 17
163 27
164 9
165 31
166 70
167 15
168 64
169 26
170 64
171 69
172 3
173 0
174 27
175 73
176 64
177 52
178 30
179 65
180 44
181 42
182 69
183 18
184 10
185 45
186 27
187 16
188 43
189 43
190 31
191 29
192 52
193 32
194 61
195 52
196 21
197 42
198 78
199 19
200 59
201 66
202 12
203 44
204 57
205 10
206 25
207 67
208 38
209 19
210 9
211 25
212 34
213 17
214 35
215 8
216 64
217 37
218 71
219 71
220 4
221 58
222 15
223 36
224 74
225 73
226 4
227 0
228 24
229 54
230 28
231 53
232 45
233 28
234 58
235 70
236 10
237 14
238 8
239 23
240 50
241 15
242 18
243 24
244 0
245 17
246 4
247 49
248 32
249 58
250 77
251 26
252 49
253 33
254 34
255 7
256 41
257 56
258 19
259 8
260 2
261 9
262 52
263 69
264 31
265 36
266 38
267 14
268 19
269 27
270 40
271 6
272 45
273 40
274 73
275 17
276 44
277 55
278 77
279 22
280 30
281 15
282 58
283 27
284 43
285 42
286 1
287 65
288 35
289 41
290 7
291 42
292 40
293 12
294 75
295 48
296 7
297 78
298 12
299 20
300 38
301 43
302 78
303 31
304 2
305 25
306 69
307 21
308 75
309 2
310 74
311 57
312 44
313 25
314 28
315 75
316 70
317 63
318 29
319 44
320 60
321 62
322 14
323 27
324 59
325 5
326 75
327 39
328 21
329 58
330 77
331 63
332 73
333 7
334 4
335 28
336 64
337 34
338 4
339 24
340 77
341 75
342 75
343 7
344 3
345 50
346 12
347 1
348 57
349 64
350 23
351 10
352 52
353 77
354 45
355 41
356 65
357 75
358 1
359 66
360 55
361 62
362 20
363 60
364 6
365 49
366 7
367 70
368 63
369 37
370 49
371 32
372 66
373 60
374 13
375 65
376 69
377 48
378 9
379 6
380 18
381 29
382 33
383 69
384 45
385 27
386 35
387 56
388 0
389 17
390 13
391 41
392 45
393 62
394 33
395 75
396 8
397 54
398 56
399 24
400 36
401 64
402 50
403 61
404 33
405 22
406 11
407 13
408 2
409 35
410 11
411 77
412 59
413 15
414 67
415 28
416 45
417 6
418 52
419 16
420 77
421 4
422 72
423 18
424 33
425 58
426 37
427 71
428 63
429 6
430 6
431 62
432 19
433 27
434 18
435 62
436 69
437 30
438 28
439 76
440 40
441 77
442 10
443 40
444 20
445 12
446 73
447 44
448 17
449 30
450 55
451 42
452 64
453 67
454 36
455 63
456 60
457 8
458 35
459 13
460 53
461 67
462 54
463 69
464 0
465 25
466 9
467 14
468 47
469 51
470 16
471 72
472 1
473 27
474 6
475 29
476 23
477 70
478 48
479 3
480 38
481 16
482 24
483 55
484 72
485 52
486 12
487 11
488 48
489 30
490 14
491 6
492 18
493 50
494 62
495 29
496 53
497 20
498 46
499 76
500 72