22
500
1 31
2 2
3 41
4 8
5 55
6 40
7 12
8 66
9 67
10 14
11 51
12 76
13 30
14 28
15 20
16 62
17 7
18 74
19 44
20 14
21 42
22 34
23 19
24 6
25 75
26 3
27 32
28 14
29 3
30 55
31 17
32 73
33 10
34 5
35 42
36 17
37 12
38 5
39 47
40 33
41 72
42 36
43 63
44 17
45 3
46 11
47 0
48 61
49 11
50 15
51 76
52 57
53 74
54 12
55 14
56 20
57 70
58 3
59 61
60 74
61 22
62 72
63 27
64 24
65 39
66 65
67 23
68 57
69 28
70 51
71 44
72 42
73 72
74 67
75 58
76 57
77 17
78 35
79 39
80 66
81 14
82 36
83 47
84 66
85 58
86 13
87 75
88 7
89 74
90 68
91 35
92 46
93 1
94 64
95 72
96 36
97 60
98 12
99 77
100 70
101 34
102 55
103 42
104 48
105 19
106 20
107 60
108 67
109 72
110 25
111 47
112 38
113 25
114 52
115 7
116 10
117 25
118 41
119 76
120 0
121 26
122 41
123 41
124 25
125 57
126 21
127 24
128 38
129 49
130 34
131 17
132 8
133 31
134 77
135 4
136 24
137 11
138 30
139 60
140 35
141 75
142 31
143 29
144 75
145 27
146 55
147 46
148 10
149 62
150 59
151 7
152 19
153 48
154 54
155 17
156 11
157 10
158 29
159 37
160 42
161 1
162 17
163 34
164 53
165 29
166 18
167 67
168 9
169 19
170 51
171 28
172 47
173 7
174 29
175 14
176 25
177 22
178 31
179 3
180 76
181 4
182 36
183 51
184 44
185 0
186 75
187 8
188 39
189 0
190 28
191 14
192 16
193 57
194 3
195 13
196 25
197 33
198 78
199 59
200 47
201 10
202 72
203 57
204 39
205 26
206 31
207 27
208 46
209 78
210 48
211 58
212 28
213 23
214 48
215 61
216 55
217 50
218 14
219 65
220 19
221 69
222 2
223 3
224 4
225 32
226 57
227 74
228 75
229 17
230 28
231 39
232 63
233 71
234 11
235 13
236 0
237 56
238 47
239 22
240 0
241 52
242 29
243 1
244 4
245 49
246 14
247 13
248 39
249 41
250 66
251 53
252 52
253 10
254 9
255 36
256 34
257 55
258 36
259 64
260 65
261 53
262 58
263 9
264 54
265 5
266 5
267 57
268 33
269 13
270 16
271 75
272 30
273 69
274 21
275 62
276 76
277 22
278 75
279 49
280 51
281 46
282 14
283 43
284 44
285 77
286 34
287 16
288 31
289 65
290 75
291 19
292 2
293 38
294 55
295 38
296 5
297 77
298 2
299 74
300 25
301 67
302 5
303 4
304 16
305 53
306 28
307 15
308 57
309 69
310 61
311 53
312 21
313 13
314 15
315 51
316 34
317 37
318 34
319 19
320 46
321 48
322 6
323 32
324 54
325 41
326 8
327 30
328 66
329 10
330 64
331 19
332 43
333 11
334 2
335 12
336 30
337 17
338 41
339 21
340 42
341 29
342 69
343 0
344 7
345 54
346 51
347 61
348 27
349 63
350 16
351 43
352 66
353 68
354 68
355 28
356 19
357 20
358 46
359 64
360 58
361 78
362 55
363 57
364 41
365 3
366 6
367 3
368 54
369 56
370 13
371 44
372 18
373 4
374 43
375 14
376 48
377 25
378 66
379 78
380 67
381 16
382 9
383 49
384 16
385 77
386 51
387 50
388 38
389 54
390 12
391 40
392 40
393 14
394 45
395 18
396 70
397 30
398 43
399 21
400 44
401 12
402 33
403 9
404 77
405 13
406 20
407 54
408 39
409 34
410 42
411 26
412 78
413 10
414 53
415 74
416 41
417 26
418 55
419 53
420 78
421 8
422 19
423 21
424 54
425 52
426 6
427 2
428 3
429 12
430 48
431 61
432 54
433 77
434 57
435 36
436 78
437 53
438 12
439 64
440 38
441 52
442 52
443 62
444 52
445 43
446 47
447 4
448 10
449 44
450 58
451 68
452 37
453 45
454 34
455 71
456 1
457 16
458 47
459 5
460 45
461 0
462 25
463 25
464 13
465 4
466 1
467 25
468 28
469 47
470 59
471 5
472 70
473 9
474 48
475 21
476 5
477 78
478 35
479 25
480 62
481 46
482 44
483 48
484 60
485 48
486 70
487 50
488 12
489 49
490 47
491 49
492 64
493 43
494 32
495 8
496 3
497 71
498 77
499 44
500 78