22
500
1 51
2 22
3 65
4 74
5 49
6 20
7 40
8 69
9 52
10 0
11 62
12 61
13 13
14 56
15 2
16 74
17 30
18 77
19 9
20 61
21 20
22 49
23 66
24 61
25 47
26 50
27 50
28 51
29 67
30 68
31 73
32 34
33 14
34 69
35 9
36 14
37 50
38 37
39 43
40 34
41 54
42 43
43 29
44 69
45 5
46 75
47 34
48 54
49 19
50 16
51 42
52 34
53 59
54 77
55 11
56 42
57 53
58 53
59 61
60 41
61 64
62 77
63 31
64 25
65 13
66 24
67 57
68 3
69 65
70 17
71 16
72 59
73 23
74 3
75 77
76 14
77 34
78 68
79 61
80 74
81 62
82 65
83 35
84 55
85 74
86 73
87 61
88 15
89 33
90 68
91 19
92 62
93 6
94 48
95 41
96 24
97 56
98 55
99 26
100 73
101 76
102 4
103 69
104 58
105 51
106 56
107 23
108 73
109 75
110 7
111 66
112 2
113 36
114 38
115 75
116 55
117 26
118 61
119 62
120 9
121 66
122 53
123 39
124 7
125 14
126 10
127 67
128 48
129 8
130 63
131 56
132 24
133 69
134 57
135 67
136 57
137 62
138 42
139 74
140 72
141 6
142 67
143 6
144 5
145 11
146 63
147 35
148 4
149 64
150 59
151 10
152 76
153 76
154 72
155 2
156 37
157 16
158 28
159 50
160 9
161 47
162 23
163 23
164 23
165 71
166 36
167 2
168 36
169 15
170 27
171 42
172 73
173 28
174 58
175 30
176 14
177 77
178 61
179 4
180 32
181 76
182 49
183 46
184 53
185 43
186 73
187 68
188 38
189 34
190 21
191 16
192 74
193 20
194 39
195 8
196 7
197 42
198 14
199 37
200 27
201 13
202 19
203 27
204 71
205 74
206 31
207 57
208 9
209 27
210 59
211 61
212 11
213 26
214 68
215 26
216 6
217 39
218 57
219 47
220 6
221 75
222 19
223 57
224 52
225 36
226 54
227 3
228 71
229 24
230 24
231 56
232 2
233 24
234 0
235 13
236 13
237 76
238 38
239 67
240 41
241 19
242 5
243 39
244 48
245 31
246 61
247 69
248 43
249 64
250 18
251 58
252 27
253 69
254 16
255 25
256 64
257 5
258 8
259 64
260 71
261 43
262 13
263 67
264 73
265 4
266 0
267 70
268 70
269 62
270 27
271 43
272 72
273 7
274 66
275 26
276 70
277 23
278 36
279 64
280 31
281 67
282 44
283 4
284 72
285 54
286 38
287 54
288 32
289 18
290 3
291 65
292 37
293 33
294 23
295 65
296 77
297 31
298 73
299 69
300 30
301 21
302 0
303 24
304 47
305 71
306 50
307 60
308 62
309 14
310 17
311 56
312 26
313 23
314 15
315 3
316 4
317 6
318 13
319 5
320 68
321 70
322 70
323 30
324 39
325 26
326 56
327 54
328 56
329 74
330 1
331 53
332 4
333 23
334 12
335 50
336 50
337 41
338 19
339 19
340 74
341 69
342 26
343 60
344 27
345 28
346 20
347 4
348 1
349 52
350 8
351 69
352 32
353 77
354 18
355 46
356 59
357 14
358 16
359 33
360 53
361 33
362 65
363 45
364 28
365 64
366 75
367 6
368 64
369 61
370 54
371 39
372 46
373 61
374 53
375 68
376 71
377 17
378 65
379 56
380 5
381 62
382 5
383 36
384 10
385 3
386 16
387 35
388 23
389 43
390 75
391 44
392 75
393 36
394 18
395 23
396 27
397 25
398 44
399 39
400 69
401 57
402 5
403 41
404 55
405 34
406 31
407 66
408 20
409 53
410 16
411 40
412 7
413 40
414 35
415 32
416 57
417 30
418 5
419 33
420 11
421 13
422 36
423 15
424 7
425 55
426 15
427 66
428 50
429 13
430 41
431 47
432 68
433 50
434 24
435 74
436 12
437 40
438 51
439 66
440 36
441 10
442 17
443 1
444 78
445 35
446 15
447 63
448 29
449 32
450 38
451 18
452 52
453 13
454 30
455 34
456 58
457 59
458 0
459 70
460 40
461 59
462 3
463 53
464 35
465 46
466 1
467 61
468 21
469 29
470 71
471 31
472 61
473 55
474 42
475 63
476 37
477 62
478 49
479 8
480 51
481 23
482 42
483 45
484 69
485 72
486 16
487 10
488 49
489 26
490 22
491 41
492 38
493 11
494 56
495 45
496 4
497 51
498 37
499 41
500 48