22
500
1 57
2 66
3 34
4 59
5 64
6 26
7 38
8 34
9 36
10 49
11 78
12 69
13 74
14 2
15 14
16 58
17 32
18 41
19 66
20 55
21 20
22 7
23 70
24 27
25 62
26 44
27 14
28 10
29 22
30 38
31 50
32 31
33 27
34 36
35 13
36 26
37 13
38 29
39 16
40 9
41 32
42 44
43 34
44 68
45 57
46 30
47 19
48 75
49 38
50 63
51 42
52 23
53 0
54 32
55 76
56 62
57 61
58 10
59 9
60 30
61 72
62 77
63 53
64 5
65 1
66 57
67 9
68 35
69 48
70 39
71 43
72 11
73 18
74 68
75 61
76 62
77 31
78 61
79 43
80 69
81 57
82 15
83 21
84 48
85 27
86 68
87 46
88 60
89 65
90 25
91 0
92 2
93 2
94 69
95 73
96 61
97 41
98 3
99 32
100 27
101 30
102 33
103 21
104 65
105 24
106 65
107 70
108 42
109 10
110 43
111 55
112 21
113 0
114 24
115 66
116 19
117 43
118 12
119 34
120 22
121 67
122 37
123 72
124 75
125 13
126 54
127 2
128 30
129 67
130 61
131 73
132 3
133 70
134 1
135 24
136 78
137 46
138 34
139 26
140 58
141 46
142 40
143 10
144 11
145 63
146 16
147 31
148 25
149 1
150 30
151 42
152 58
153 48
154 13
155 37
156 10
157 1
158 43
159 67
160 58
161 5
162 68
163 48
164 46
165 62
166 36
167 28
168 49
169 44
170 10
171 45
172 13
173 19
174 67
175 76
176 78
177 69
178 63
179 64
180 10
181 46
182 45
183 16
184 13
185 26
186 3
187 18
188 0
189 2
190 61
191 7
192 46
193 55
194 63
195 1
196 44
197 17
198 78
199 5
200 18
201 76
202 11
203 0
204 49
205 15
206 59
207 71
208 49
209 10
210 19
211 40
212 61
213 55
214 34
215 17
216 43
217 68
218 68
219 20
220 35
221 2
222 14
223 27
224 4
225 43
226 4
227 68
228 22
229 14
230 22
231 74
232 65
233 74
234 72
235 34
236 45
237 23
238 57
239 3
240 54
241 18
242 20
243 33
244 72
245 76
246 50
247 45
248 16
249 29
250 34
251 37
252 38
253 63
254 39
255 36
256 15
257 65
258 11
259 63
260 38
261 1
262 7
263 78
264 15
265 39
266 37
267 54
268 52
269 68
270 58
271 10
272 0
273 41
274 17
275 15
276 74
277 0
278 36
279 52
280 4
281 30
282 27
283 71
284 46
285 30
286 43
287 47
288 60
289 16
290 47
291 40
292 19
293 39
294 10
295 47
296 73
297 61
298 50
299 36
300 73
301 40
302 16
303 11
304 38
305 9
306 72
307 55
308 74
309 75
310 78
311 47
312 48
313 77
314 70
315 20
316 44
317 74
318 48
319 70
320 7
321 32
322 15
323 12
324 21
325 51
326 73
327 65
328 7
329 43
330 21
331 40
332 78
333 13
334 67
335 58
336 23
337 5
338 75
339 69
340 49
341 58
342 43
343 19
344 75
345 24
346 20
347 35
348 40
349 55
350 0
351 54
352 76
353 29
354 19
355 42
356 26
357 64
358 73
359 5
360 36
361 7
362 21
363 62
364 17
365 65
366 25
367 16
368 48
369 68
370 66
371 69
372 42
373 12
374 10
375 9
376 61
377 74
378 27
379 50
380 4
381 70
382 27
383 3
384 0
385 26
386 43
387 78
388 76
389 6
390 36
391 73
392 48
393 71
394 67
395 3
396 38
397 1
398 37
399 12
400 6
401 11
402 39
403 19
404 41
405 63
406 52
407 57
408 76
409 37
410 61
411 15
412 65
413 21
414 6
415 78
416 3
417 68
418 48
419 43
420 67
421 4
422 12
423 14
424 44
425 63
426 76
427 36
428 50
429 12
430 23
431 49
432 38
433 52
434 32
435 52
436 70
437 66
438 5
439 75
440 76
441 10
442 3
443 3
444 53
445 60
446 16
447 43
448 39
449 40
450 60
451 1
452 53
453 25
454 53
455 72
456 26
457 29
458 36
459 13
460 15
461 48
462 4
463 53
464 22
465 62
466 1
467 52
468 48
469 20
470 50
471 54
472 18
473 44
474 63
475 59
476 63
477 71
478 1
479 68
480 43
481 32
482 57
483 63
484 37
485 61
486 1
487 46
488 31
489 49
490 47
491 32
492 33
493 35
494 1
495 61
496 24
497 25
498 76
499 44
500 76