22
500
1 42
2 71
3 60
4 39
5 5
6 19
7 48
8 24
9 65
10 12
11 59
12 78
13 58
14 74
15 56
16 61
17 75
18 6
19 54
20 71
21 46
22 62
23 67
24 21
25 49
26 33
27 54
28 21
29 2
30 62
31 42
32 12
33 55
34 51
35 61
36 17
37 10
38 9
39 48
40 0
41 28
42 78
43 39
44 5
45 9
46 27
47 59
48 23
49 60
50 18
51 33
52 24
53 36
54 43
55 35
56 21
57 43
58 5
59 64
60 26
61 49
62 5
63 37
64 46
65 27
66 16
67 0
68 48
69 23
70 43
71 46
72 49
73 63
74 31
75 50
76 61
77 41
78 48
79 3
80 53
81 62
82 21
83 46
84 47
85 9
86 76
87 31
88 23
89 37
90 53
91 51
92 36
93 54
94 5
95 29
96 37
97 26
98 13
99 0
100 34
101 44
102 33
103 53
104 0
105 57
106 10
107 4
108 63
109 9
110 16
111 19
112 22
113 1
114 50
115 69
116 72
117 65
118 3
119 75
120 46
121 49
122 42
123 56
124 15
125 12
126 24
127 65
128 76
129 61
130 36
131 11
132 68
133 6
134 46
135 46
136 23
137 15
138 70
139 40
140 74
141 55
142 11
143 1
144 72
145 77
146 35
147 43
148 50
149 26
150 70
151 61
152 28
153 72
154 23
155 31
156 33
157 69
158 48
159 41
160 37
161 60
162 70
163 60
164 13
165 35
166 76
167 11
168 67
169 48
170 68
171 32
172 60
173 69
174 30
175 2
176 44
177 12
178 10
179 1
180 18
181 32
182 32
183 17
184 59
185 0
186 22
187 28
188 1
189 30
190 51
191 23
192 70
193 68
194 66
195 20
196 71
197 7
198 1
199 51
200 24
201 27
202 28
203 19
204 66
205 11
206 75
207 3
208 36
209 14
210 28
211 59
212 71
213 1
214 30
215 12
216 74
217 72
218 61
219 10
220 62
221 74
222 58
223 54
224 70
225 52
226 35
227 38
228 10
229 6
230 48
231 13
232 37
233 31
234 8
235 46
236 16
237 8
238 12
239 65
240 39
241 48
242 41
243 8
244 17
245 23
246 21
247 32
248 16
249 68
250 34
251 10
252 41
253 34
254 54
255 49
256 77
257 44
258 12
259 50
260 25
261 42
262 13
263 46
264 35
265 33
266 72
267 45
268 54
269 40
270 24
271 48
272 42
273 23
274 72
275 13
276 38
277 8
278 45
279 10
280 21
281 3
282 19
283 7
284 43
285 28
286 14
287 17
288 60
289 35
290 50
291 0
292 24
293 29
294 42
295 4
296 77
297 7
298 58
299 72
300 67
301 24
302 55
303 27
304 2
305 19
306 2
307 62
308 61
309 18
310 51
311 33
312 75
313 65
314 59
315 4
316 7
317 31
318 66
319 30
320 4
321 4
322 28
323 28
324 62
325 43
326 15
327 78
328 78
329 57
330 39
331 6
332 53
333 61
334 52
335 24
336 52
337 25
338 53
339 74
340 48
341 46
342 69
343 41
344 68
345 76
346 37
347 52
348 0
349 22
350 64
351 31
352 50
353 47
354 53
355 78
356 18
357 16
358 11
359 58
360 13
361 46
362 9
363 73
364 0
365 54
366 14
367 59
368 56
369 4
370 78
371 37
372 48
373 15
374 7
375 78
376 44
377 25
378 6
379 60
380 74
381 16
382 24
383 49
384 2
385 13
386 64
387 51
388 75
389 39
390 36
391 44
392 26
393 49
394 10
395 6
396 35
397 54
398 8
399 12
400 58
401 55
402 46
403 18
404 20
405 40
406 33
407 59
408 23
409 63
410 0
411 75
412 56
413 13
414 66
415 38
416 72
417 5
418 23
419 12
420 32
421 63
422 21
423 23
424 13
425 56
426 44
427 6
428 6
429 74
430 4
431 32
432 29
433 54
434 30
435 32
436 13
437 54
438 65
439 27
440 61
441 55
442 60
443 24
444 8
445 69
446 6
447 21
448 31
449 35
450 34
451 47
452 26
453 9
454 78
455 24
456 35
457 26
458 14
459 27
460 45
461 72
462 0
463 6
464 0
465 50
466 12
467 55
468 12
469 16
470 22
471 76
472 65
473 25
474 66
475 76
476 21
477 72
478 72
479 3
480 65
481 25
482 65
483 32
484 74
485 4
486 47
487 56
488 76
489 67
490 41
491 51
492 27
493 24
494 70
495 27
496 27
497 14
498 37
499 9
500 1