22
500
1 59
2 9
3 50
4 72
5 27
6 37
7 47
8 37
9 15
10 18
11 23
12 18
13 38
14 23
15 41
16 33
17 3
18 48
19 31
20 70
21 34
22 42
23 26
24 9
25 16
26 23
27 21
28 37
29 39
30 64
31 18
32 73
33 76
34 43
35 14
36 13
37 75
38 12
39 14
40 11
41 19
42 63
43 38
44 29
45 10
46 23
47 53
48 69
49 76
50 77
51 50
52 1
53 69
54 68
55 14
56 45
57 13
58 19
59 1
60 61
61 70
62 3
63 2
64 43
65 25
66 38
67 40
68 72
69 44
70 51
71 40
72 5
73 55
74 19
75 57
76 44
77 7
78 78
79 66
80 27
81 59
82 52
83 59
84 0
85 62
86 37
87 75
88 49
89 63
90 18
91 22
92 37
93 13
94 15
95 52
96 63
97 12
98 46
99 59
100 20
101 28
102 4
103 56
104 36
105 77
106 39
107 6
108 0
109 29
110 16
111 57
112 11
113 76
114 69
115 15
116 13
117 10
118 26
119 78
120 51
121 46
122 26
123 49
124 23
125 54
126 40
127 44
128 73
129 60
130 50
131 43
132 60
133 55
134 68
135 32
136 53
137 9
138 36
139 70
140 2
141 75
142 31
143 34
144 68
145 67
146 73
147 49
148 33
149 16
150 14
151 49
152 30
153 44
154 38
155 15
156 49
157 56
158 67
159 52
160 14
161 55
162 62
163 19
164 0
165 19
166 53
167 62
168 55
169 14
170 17
171 28
172 32
173 72
174 51
175 37
176 30
177 57
178 51
179 17
180 11
181 56
182 56
183 1
184 11
185 61
186 59
187 71
188 44
189 49
190 33
191 46
192 56
193 65
194 28
195 62
196 30
197 18
198 34
199 43
200 2
201 78
202 65
203 72
204 59
205 17
206 49
207 74
208 34
209 46
210 34
211 0
212 42
213 48
214 1
215 18
216 15
217 30
218 62
219 5
220 48
221 70
222 50
223 57
224 12
225 11
226 71
227 51
228 45
229 25
230 14
231 66
232 19
233 68
234 58
235 70
236 3
237 34
238 34
239 67
240 14
241 2
242 55
243 25
244 71
245 70
246 4
247 50
248 73
249 2
250 49
251 78
252 10
253 45
254 72
255 33
256 29
257 7
258 72
259 0
260 73
261 6
262 15
263 7
264 15
265 31
266 9
267 41
268 75
269 41
270 71
271 55
272 55
273 69
274 40
275 53
276 73
277 25
278 41
279 22
280 15
281 65
282 57
283 27
284 74
285 3
286 8
287 67
288 57
289 5
290 71
291 40
292 19
293 20
294 51
295 24
296 43
297 33
298 52
299 12
300 11
301 20
302 6
303 11
304 1
305 30
306 14
307 61
308 32
309 69
310 48
311 74
312 62
313 58
314 36
315 30
316 27
317 33
318 18
319 17
320 56
321 73
322 72
323 68
324 10
325 43
326 23
327 0
328 22
329 71
330 31
331 45
332 33
333 18
334 63
335 39
336 41
337 78
338 69
339 67
340 53
341 16
342 5
343 45
344 22
345 67
346 24
347 46
348 59
349 22
350 53
351 33
352 49
353 52
354 69
355 51
356 52
357 38
358 15
359 8
360 30
361 25
362 27
363 22
364 18
365 8
366 46
367 19
368 76
369 23
370 45
371 11
372 19
373 31
374 60
375 21
376 49
377 42
378 41
379 36
380 44
381 7
382 12
383 46
384 73
385 66
386 68
387 22
388 56
389 75
390 33
391 68
392 12
393 16
394 12
395 48
396 24
397 6
398 56
399 16
400 22
401 77
402 58
403 49
404 30
405 0
406 23
407 67
408 6
409 42
410 43
411 23
412 12
413 24
414 36
415 20
416 10
417 42
418 38
419 47
420 22
421 52
422 25
423 23
424 2
425 47
426 11
427 59
428 25
429 71
430 41
431 38
432 5
433 55
434 50
435 34
436 67
437 39
438 64
439 9
440 76
441 21
442 77
443 63
444 4
445 51
446 19
447 41
448 68
449 32
450 34
451 24
452 8
453 51
454 38
455 75
456 24
457 30
458 65
459 65
460 7
461 3
462 39
463 49
464 3
465 4
466 29
467 37
468 4
469 3
470 59
471 36
472 26
473 5
474 14
475 10
476 6
477 24
478 54
479 63
480 69
481 41
482 78
483 8
484 60
485 11
486 20
487 22
488 27
489 47
490 33
491 9
492 24
493 68
494 5
495 66
496 8
497 1
498 11
499 22
500 27